980
247763 98555 312302
841075 546307 387873
956562 233489 637106
541905 482469 790594
1482 344921 911051
595510 599966 872898
997072 510317 632085
309390 29267 197608
965824 12558 215561
959687 550792 41175
431850 798556 658230
262651 158129 204536
650525 633190 956526
806130 175094 438994
115222 176577 302415
26272 290586 902381
899170 806158 931197
49753 115547 960464
247361 599870 491522
981423 559556 42313
22597 991407 359368
680828 254057 517498
403863 423081 669187
360388 229210 844282
317882 344432 539358
620297 889205 829944
41176 306873 636101
972373 356627 270148
451335 122487 870018
461356 622409 429574
503670 645007 939480
381537 844334 712036
417534 248196 653617
86721 127084 401326
931003 444966 264258
988860 583762 153462
337302 624938 978835
973404 115809 853961
762051 567144 976449
150567 28500 117356
98640 50669 280862
38119 950706 125195
268655 368240 891892
922272 454961 537475
323597 904463 982441
587855 411821 84701
259816 749123 709639
238651 241025 343947
611111 3075 911091
106058 153643 458090
223415 252283 27258
504277 808903 977965
629473 77557 864704
39863 518328 319664
577338 841925 742626
78277 948280 154446
681478 208095 422068
391116 965246 663094
735063 576357 666169
164652 682415 338311
141242 424329 109094
687000 928607 436496
664964 76578 514053
529667 116441 550880
367830 212278 392804
628955 809055 341083
301900 490532 67678
723969 400147 551423
387062 653709 646279
571730 336860 847194
428541 478102 271522
537635 683602 200128
492630 348565 276706
525182 396732 911647
76061 283061 642424
468865 430516 451478
328448 732416 460509
914626 456384 379155
466048 361945 32863
112327 452175 888224
959521 880716 884825
231042 936850 568426
949671 429479 435491
226376 954661 350722
656523 30721 633783
298946 18085 64298
268924 346533 315214
729433 779658 290097
627088 245706 170542
659951 876533 622717
66673 354552 503432
951499 104093 440281
519924 53763 388259
955415 798640 342919
824636 973662 373640
458419 272607 910225
41216 60030 256758
874930 307963 554915
165027 935051 800621
335569 113500 195652
958286 180174 550204
980217 131672 172797
938997 170095 226560
327255 644010 543699
188673 468645 517360
80812 445563 308467
991037 486780 368497
766294 880209 676460
321209 45235 611510
640329 899304 725011
835982 857589 905185
904685 356304 555356
77481 295300 725451
822542 141054 369460
366240 329727 838106
402100 410539 283668
710567 401576 288947
79063 167869 687656
274023 489078 732891
885533 129407 632195
129042 483888 8282
552726 388572 883087
108081 984554 696886
352032 325594 837941
721492 691834 167667
78096 612433 96706
880265 322999 498282
687711 920563 184650
375366 194585 192228
626757 598617 321635
777451 246159 324022
785733 798885 231093
187318 425466 215646
884205 295997 541240
722145 535988 751574
408311 614085 364006
505017 12848 205505
3298 700559 126067
706449 594425 839152
898677 221181 956268
738811 998632 202426
62832 302863 519811
293925 490182 463776
28071 374386 759773
87810 96530 295760
357883 504841 428344
240389 9858 441192
445894 531656 660251
90460 238104 773175
448111 136780 994356
404378 394090 992987
125304 456922 814349
645115 269347 304530
627390 815918 678916
905662 903728 293945
719921 780111 317286
148265 20499 845644
107956 984893 895799
286706 593852 133903
59880 41962 789183
572735 446340 183273
565721 571644 158694
898570 735258 428041
203099 881147 243958
400515 786808 666186
212959 506729 964796
530245 173493 985295
375888 281449 488686
271687 86655 82537
924090 146535 124499
231771 719271 89338
933544 803491 179482
610738 220559 914740
38778 423659 314386
801237 342673 101193
985922 555632 126421
950717 604377 299914
454510 498764 99863
943196 770451 186518
25732 213039 851553
150231 963311 89322
758069 896854 411313
937551 507591 631872
370790 64869 574030
685176 384605 916703
786369 889026 990835
912791 839742 595211
731204 294251 93974
831067 755946 382925
536084 781678 114463
387637 450408 77773
995459 208476 493127
406771 664527 519217
557143 35316 102585
131172 720492 487190
566375 25359 376215
557209 456649 734456
670919 187853 547206
283392 537419 303151
666317 73503 603328
299280 461140 53735
377053 975098 780712
388679 381869 445238
907897 457511 999054
10481 588683 238044
16171 673557 263403
392386 749265 238552
126842 420183 426405
192547 222075 963824
495699 406891 37326
99026 706171 16965
671262 83224 992064
970473 990403 892432
934210 898299 349942
933263 908781 457124
171306 443451 130681
953209 835837 879946
191760 481178 818629
136664 673726 40703
100488 687924 447594
656314 305449 153765
191779 976711 755489
183842 465682 745891
594773 399891 162689
944715 851653 589969
401838 541458 33419
51018 494667 869256
449464 204926 868934
268092 341591 61158
827295 960579 749082
793388 616892 54530
465652 808671 549741
221140 511012 533922
485531 105784 452313
648220 568998 303965
756688 489336 363923
790107 540354 377089
177861 989818 582015
565294 776409 923606
626452 603703 402683
894033 397091 19575
948564 862743 346745
16803 602383 376257
550725 606413 540
3037 773132 569539
825503 529819 58874
189425 838425 117727
566514 16285 626045
667028 581580 402453
109133 726531 524656
511816 620564 440246
531391 87626 821488
396636 104429 423870
772893 173653 548782
773433 695191 321913
342971 39192 370231
920345 747117 208655
556572 313630 743441
182616 980658 843520
103568 89790 570050
628224 601607 190613
68469 651497 278239
889958 566632 901168
832327 339524 593321
899609 631457 288511
740021 492927 846203
110252 413272 593319
837407 488343 906949
580847 670959 406105
942866 774527 14395
512916 402751 134501
703529 989720 304497
981769 879677 871130
401435 230503 729153
994756 130111 360609
283266 870132 853537
647968 498883 266808
241286 336290 273650
666734 435636 944609
72839 378502 237634
605734 891418 158884
258734 113445 148604
563231 613713 546780
952860 15148 777283
682013 9903 425893
42621 811670 814525
896158 459637 313407
681465 700924 168196
955115 367657 122332
899723 958996 500834
655857 83228 910751
814741 341962 542695
963345 423693 156408
510125 376552 690056
805907 58564 699959
750300 101186 30127
564824 997344 8264
878231 197308 227687
564927 152422 595344
687259 570645 72839
706592 226501 156067
135841 41241 16529
678536 4586 440222
353443 33210 816774
43498 357616 875339
261957 107915 495024
292084 672739 10866
300348 69469 208174
46534 634396 879097
641879 840154 449741
233217 65244 676242
907784 201085 717483
924313 398120 240568
364534 270063 792278
699808 313561 149894
93645 94017 257809
588669 904602 449048
118034 723449 518517
844709 769984 671412
723805 930362 30064
173545 163578 95308
368286 71361 814893
85768 514174 731512
844837 878708 1574
637114 97014 833636
305507 190659 927653
563317 297827 350753
12364 415862 74202
49380 260570 844186
239291 984375 774547
269355 676419 456624
364663 44704 527985
698055 648972 42158
429566 12307 439366
949641 167921 536380
783276 473428 245539
229427 555244 543366
580181 86107 477727
654383 135487 256796
17067 374778 759670
791614 644133 436088
248237 527295 999292
294721 743849 648264
855380 691915 660571
813245 641555 346991
868124 943330 820420
113662 691256 375663
657029 271436 461771
653255 444318 115757
910052 979885 490536
669721 289997 653168
105809 56733 698963
105100 869955 442811
271863 725334 653225
450934 538578 294779
797925 925201 756608
618344 38863 447864
512507 214391 237799
974278 867646 200617
90034 777697 180501
99069 447418 470499
270737 71726 45731
969700 176826 915686
931010 448690 641019
584235 418123 698096
397513 216047 623297
154121 834392 180659
601985 346898 395050
358283 839675 262695
558900 448208 558892
257901 65777 6309
728400 336514 596535
292630 306213 773361
208316 755722 740550
849335 858456 158672
65930 255969 374720
207726 928590 727611
388385 49073 593008
301934 407356 951182
83128 966257 399389
642020 224157 465166
166828 471056 801680
763363 763686 626392
55223 972002 900614
314272 339836 759069
472945 924266 15037
366164 650491 943627
612274 38875 992700
205281 859309 918556
156462 942437 403311
74350 102956 627468
58016 788284 617023
378195 70146 899208
523087 643869 871210
423700 958141 729545
182768 949585 172309
716306 834248 822800
178431 446521 380174
689631 170301 239482
608186 845263 700418
11496 919614 321873
157463 496129 628657
774486 874324 698803
673693 397410 861171
63401 339609 819311
311445 522378 287395
483754 238683 121642
825053 935614 568164
205226 625244 738465
963208 233429 583728
182125 763425 21840
22497 920888 517969
651154 213872 910792
868456 406065 308202
729626 987966 647811
67436 299411 688688
354831 301664 445870
476473 126717 381484
563136 850443 525227
301601 332150 758657
403828 514275 40580
944168 536772 961469
462136 706426 693840
372927 574881 99904
199628 823007 87870
365939 890443 905781
573126 763773 207444
18996 240245 852661
918980 321881 703104
444206 141981 35253
721362 545809 68027
761943 8475 604799
241910 470611 829724
935750 362037 404605
554154 80165 746111
642024 964604 155052
547804 537729 918825
273747 75224 677569
126408 994204 999450
348011 956910 141430
901764 678271 687239
969791 958713 214213
93088 719122 203323
922813 654872 83860
845917 727525 164025
592027 369548 647128
747079 435851 184856
665903 709598 260081
861971 354505 772784
861421 702516 729693
2850 604279 926464
208589 92568 403675
422802 185657 122797
626126 108469 296168
709986 954386 23692
392510 64911 911740
39637 330489 866090
224493 996392 94186
3073 858362 448692
294357 238281 669707
542549 241132 792486
469012 449721 885054
391187 391022 70710
513984 17147 697679
810152 245632 170563
352343 638142 753974
782582 677779 84462
648671 420772 599353
742857 942345 976215
710048 236701 214495
898255 779251 455627
690740 766762 423847
94292 157948 814870
683503 671932 350516
899681 582 596149
70244 871425 234290
824218 654006 430569
908681 821176 851341
508033 82532 793685
484247 792580 548886
217242 209333 328136
672869 900073 94897
615216 512865 771346
430085 196367 961777
780601 96047 480859
895249 684791 352283
129539 509009 524789
78607 936189 345964
448447 962721 428496
760631 965468 739576
309516 182709 948909
156151 374077 367481
769549 989293 880346
540894 937877 595212
502670 718478 691259
983529 613726 376050
854312 261764 403558
379100 340371 858246
243563 307317 339465
190559 67948 823432
930135 377464 6140
397542 52115 898718
765023 821664 888010
163867 362557 825887
759079 383726 62863
968838 885755 195088
863387 740066 456853
785444 637665 315723
162188 881228 141540
501653 71786 209488
325085 520420 105451
849725 917963 157566
748442 201484 979230
154951 883852 860286
499337 161429 244012
562200 130266 129766
275787 512152 869832
251139 297595 25995
85362 459783 907223
226902 479936 497509
436390 323520 17928
60340 173244 454390
217907 440186 655875
715636 113636 58225
575922 612973 219654
338433 693672 868421
468199 969459 380572
856530 220598 196667
882525 305960 174949
308246 51361 654885
805755 6250 496904
342183 66590 670149
796573 802997 628834
970947 518633 742470
29171 613054 873942
767326 951487 567613
635746 938185 55570
534817 794714 276168
249983 195737 100627
424933 22482 670488
598317 828238 676738
95221 170420 743329
283869 485492 546325
912703 456439 583457
173671 485610 196510
47612 771435 147996
133724 407180 86180
189294 460497 399393
983963 710480 113629
603089 135412 136112
273577 252229 482849
950315 865950 171768
693643 668318 657260
758468 581020 113698
341924 273190 117808
538435 320802 889243
204930 454526 814923
291111 162319 275419
209003 146281 985899
841133 749371 639811
977245 22947 410539
978593 973262 276488
150360 185404 944806
807620 943872 44324
439818 804295 836014
557626 342729 156815
965368 547660 129840
780290 357270 292159
55708 84772 956941
560107 925905 706311
718417 421648 729258
128955 400240 221018
923943 69099 406422
868748 876720 868793
431571 835037 673088
267584 392662 534316
942899 358029 81975
591238 656819 957745
401896 231026 42517
358836 791133 968422
583646 509549 908570
831403 157003 308809
52421 80945 377909
977343 468192 773128
846136 899763 608164
37722 685846 519325
572038 147243 395853
172513 738481 52671
130257 658877 283698
172774 536212 593330
659696 119858 621379
568265 951261 778382
395573 522181 859328
291981 499524 327519
65108 864159 745782
191771 420380 950127
711096 992418 97370
106949 164930 354350
678120 813688 531726
480317 504961 67938
592147 164656 706296
213525 251420 176055
991907 646994 698237
369733 938975 716260
215752 522583 580418
961534 714354 797
911660 425450 511714
527529 50898 195144
881880 247517 8831
413605 727835 513792
42 319981 196948
706338 52005 448368
882394 562411 95361
99129 932145 552836
815389 666396 75418
395806 146428 789772
915103 576587 733721
945316 104116 303118
140459 504495 550636
149290 436599 278470
181582 436642 116950
378530 661479 168955
345397 62371 249865
959259 161500 182009
512094 976889 366904
587512 891194 513332
895783 806296 89919
629504 751612 194035
451121 410570 217029
1756 78360 653628
280226 259942 90269
915676 156971 270248
84630 502368 332619
852996 461626 494120
35004 492219 471008
920409 79730 362202
433740 494013 686997
523659 642016 957108
236193 93136 367678
453222 94893 446038
106850 893619 224479
715619 809295 381450
504366 412424 402317
836986 265419 863944
331105 818924 356162
320612 739332 954393
201313 691571 966905
888311 215230 608920
363917 969923 702056
250094 941645 315448
696132 48494 209067
439110 282612 18361
820560 786979 949285
741377 623964 214704
123819 473568 552127
479981 794180 291458
952873 513993 983029
919777 402303 716758
47195 284719 205180
267751 534814 146824
583199 749445 713818
310765 188555 996430
329126 527614 301907
796911 268990 444370
530114 911309 436437
82240 391290 230617
373698 862662 744610
875226 300938 665412
110483 866633 468630
315663 134383 521943
462487 717583 271388
176304 28347 978443
691233 875974 24555
993141 672884 812046
437510 721497 723354
392447 803737 633143
623064 695934 14304
886173 571159 315242
70083 681642 181874
538713 515804 834758
579156 978291 552340
850544 154594 99186
347485 845828 975160
372040 357467 166542
702585 313476 406538
425939 705923 210274
59081 847486 906208
591885 252157 995867
907127 322240 196007
607501 379453 711812
442258 958609 690102
513097 327651 363196
612283 675136 727523
105942 565675 84989
790984 268260 916965
197522 212698 622888
926296 790279 470373
832504 382164 722531
828370 807790 563270
542876 933790 461222
254687 376047 938330
463289 407643 265980
344984 538426 459615
72506 162867 25290
675995 953851 812050
592959 669872 24747
734346 596168 815026
204719 947171 715689
445749 294039 523479
527518 836915 457268
988741 91602 351815
927070 73390 277957
711550 418374 816383
171164 9379 979250
714954 685374 451600
527003 796832 121471
70249 531178 236138
403775 254396 183308
119463 218644 477347
161441 746162 314262
618710 253401 924364
489024 698971 997754
766981 410520 416127
583364 581684 425506
81112 815138 629379
532712 342140 426210
654184 930890 475887
890322 334664 730283
592130 972627 948927
69476 134068 213588
902238 271277 466989
826601 760301 165959
342853 527281 94978
277479 629144 676663
702985 710257 10299
850863 242968 870939
795573 415651 801828
271459 824473 654991
1742 416602 627618
469168 4577 761686
682756 425315 32962
668245 251915 311762
352703 594769 839043
447682 872248 986687
642844 93732 215442
653143 463094 976910
524081 258666 392561
325909 530126 735533
499399 50367 152134
127016 519535 675211
407201 720791 100525
958663 389035 870941
270424 741738 984209
627967 189419 374955
614653 832263 987187
348594 3904 450281
325503 527986 708947
718064 372394 239072
453596 871793 289439
124229 517309 327474
317940 924510 48264
418465 883173 955799
807905 672096 697536
792113 300062 405455
685568 433214 756217
672754 781808 760122
123034 107311 806607
350481 343874 179000
108052 797471 569292
915992 440199 605100
243465 758139 529610
810229 695104 931282
766027 21507 603377
463562 813621 421939
387516 499188 855153
143733 690441 155460
422354 813476 262771
228960 163956 125144
926460 790508 441114
14250 706499 881314
619351 949964 157951
667460 760192 371554
117240 526218 393062
239116 508280 725182
661055 414295 742869
34707 558028 433309
708667 498881 765284
489937 246340 447739
615081 691299 238247
56195 224049 944746
456008 843400 413209
132458 29358 691900
504013 146598 736618
415574 904214 244897
659255 565269 659192
402123 118475 735720
353931 827142 753100
637715 317078 999441
85453 450658 209238
842200 506853 433287
305445 962861 795186
237153 95319 824544
929053 117831 489641
665670 533405 393855
429066 192659 477623
88258 113281 114597
342477 985712 941739
95576 623426 777316
613516 227379 227973
822755 588078 253326
256041 893523 734686
51227 130675 830005
394270 578228 466335
883912 243897 999740
796266 191463 710898
792388 279721 342678
906985 140697 328390
367222 236273 470315
144537 368289 697694
891010 191043 285772
662835 965584 697794
397521 535310 346969
227525 929581 925197
212360 331991 687593
730599 128256 879056
441497 439143 677276
302674 346127 336472
631064 713349 91245
101379 376385 459534
317572 785894 169076
603344 448729 134659
819638 846250 669970
166606 592274 599550
610302 804634 450040
816394 535233 96795
213949 495229 535938
891225 797903 882065
746197 428967 113912
837442 48845 490297
296975 366417 276190
466051 488261 724919
119209 826398 571168
789179 993004 163442
907228 121804 486575
357267 938198 21807
972562 152146 517036
508499 561871 314939
909063 308067 262405
22974 664008 829750
513271 479482 714666
307961 464032 721426
551379 583241 547823
122547 372420 59325
804489 798147 181129
809563 673914 637827
831371 646475 308472
866906 673474 870343
700344 582536 696909
481248 605511 879416
310997 637281 358897
544163 463741 822929
265588 15120 406170
331911 656167 297089
391236 460655 95235
90865 788717 769149
728692 620087 934124
37163 5492 607597
426006 705836 190132
641414 187084 314142
520830 16580 469923
879727 560743 933664
221155 344831 948784
145824 676742 604950
442913 586477 584104
56647 677342 372821
344296 406033 511407
278419 961697 516899
886016 906202 222735
594647 547615 928319
427289 586944 463398
897212 985171 542641
830875 206325 887472
298158 352149 82712
903108 313561 669189
5711 370208 346531
378532 714504 271063
889939 511422 751259
406838 915937 657460
148072 510584 205075
594890 937873 792019
58287 353583 777189
600928 184457 502013
6898 482615 372661
89610 904223 686222
277299 909934 574930
623830 806965 289433
413392 696903 319355
164651 622240 235291
822111 288811 264374
545685 883701 720746
856204 460488 74328
151891 61415 258786
653905 586814 259900
26565 194923 682622
231287 472222 111054
806217 614551 918019
614149 27943 614922
933504 711094 755661
687295 533204 44472
951669 597389 928173
672415 453592 907160
746743 605483 968576
524028 777887 73888
302428 804453 268811
985050 554239 741034
96104 360455 355584
14122 493103 902027
147543 426607 613120
903205 113901 664824
466176 65569 262212
912848 256483 715804
820008 3226 839786
307082 527254 617673
380970 829682 940625
649781 333231 494863
909314 947835 373817
783398 480456 866920
203923 628000 812026
817044 49703 925927
366 515879 509996
781078 428726 766479
496881 767233 288204
336666 74314 333958
472838 455284 163639
413462 623565 15369
908325 532878 963204
800641 834775 962160
667561 38698 590159
479586 374241 158361
924013 374607 674240
952508 155684 621465
237485 171064 388698
525690 26229 981512
859648 499068 436796
541786 431029 578860
75655 339354 630237
557358 658494 465012
519517 326054 503710
628175 324140 396450
786536 248152 289556
979275 719159 963740
119239 956644 134803
507937 832 679532
7947 860480 697099
444743 920766 128128
542102 996421 985982
172339 553778 644475
637351 73295 489029
659560 701470 813169
574509 6505 579820
864065 985780 298978
827804 105018 774121
481106 131454 774954
160637 139402 153932
857737 102644 593197
504364 644747 589617
490345 817086 661895
653319 972936 253689
142347 150994 473658
955516 725503 480163
53834 108066 465943
871312 935870 89460
645433 416975 220915
938886 96111 878817
611317 953848 981461
204514 976711 144706
794131 467055 480291
974525 120374 453226
228213 781221 122719
701872 255236 366721
189 190
677 676
465 466
283 282
22 21
31 32
29 28
671 670
597 598
582 581
474 473
813 814
449 448
296 297
806 807
290 291
59 60
47 48
849 850
365 364
80 81
578 577
636 635
320 319
64 65
390 389
899 900
889 890
858 859
456 455
117 116
421 422
748 749
210 211
315 316
640 641
360 361
504 503
862 861
202 203
399 400
341 342
558 559
346 345
423 424
88 87
377 376
769 770
41 40
823 824
960 959
656 655
122 121
610 609
576 575
87 86
821 822
264 263
489 490
363 364
591 592
832 831
354 353
428 427
658 657
201 200
652 651
416 415
328 329
784 785
154 153
638 637
538 537
775 776
394 395
360 359
732 731
276 277
273 274
698 699
498 499
321 320
700 701
764 763
129 130
432 431
27 26
38 39
316 317
169 168
917 916
852 851
699 700
733 734
590 591
294 295
384 383
434 433
642 641
195 194
835 834
183 182
760 761
968 969
409 408
370 369
766 767
285 286
102 101
792 793
949 950
618 617
366 365
907 908
668 669
863 864
426 425
197 196
902 903
648 649
960 961
492 491
176 175
558 557
682 681
46 45
692 691
445 446
592 593
761 762
372 373
648 647
949 948
6 7
714 715
819 820
463 462
583 584
329 330
339 340
678 679
486 485
566 565
858 857
299 298
627 628
754 753
450 449
818 817
184 185
555 554
915 916
368 367
507 508
411 410
773 772
2 1
802 803
886 885
877 876
919 920
923 922
735 736
414 415
531 532
403 404
704 705
192 191
836 837
978 977
32 33
697 698
281 282
935 934
779 780
212 211
148 147
898 897
75 76
437 436
9 8
958 957
455 454
86 85
139 138
271 272
789 790
166 167
366 367
789 788
249 248
180 181
352 351
882 883
123 124
546 545
827 828
517 516
172 173
518 517
956 957
964 965
630 629
140 141
607 608
568 567
613 612
241 240
712 711
954 955
859 860
358 359
838 837
783 782
947 946
374 373
573 572
882 881
821 820
298 297
186 185
157 156
215 216
973 974
798 797
884 885
614 613
131 130
6 5
137 136
703 704
943 942
56 57
559 560
906 905
135 136
647 646
946 945
63 62
122 123
881 880
526 527
489 488
241 242
899 898
796 797
505 504
259 258
278 279
83 82
762 763
215 214
67 68
696 697
709 708
575 574
103 102
49 50
3 4
349 350
113 112
175 174
386 387
402 401
344 343
325 324
281 280
428 429
381 382
516 515
703 702
670 669
268 267
335 336
209 210
286 287
293 294
580 579
866 865
844 845
891 892
265 266
110 109
34 35
393 394
679 680
718 717
414 413
255 256
404 405
850 851
206 207
376 375
152 153
668 667
171 172
464 463
944 943
27 28
923 924
675 676
338 337
413 412
868 867
557 556
273 272
646 645
470 471
245 244
129 128
242 243
323 322
444 443
862 863
903 904
645 644
927 928
805 804
768 767
771 770
526 525
945 944
915 914
872 873
733 732
183 184
36 37
598 599
525 524
149 148
529 530
159 158
791 792
528 529
734 735
336 337
292 291
261 262
253 254
426 427
808 807
406 407
190 191
969 970
14 15
95 96
688 687
625 624
406 405
125 126
886 887
333 332
956 955
612 611
220 219
800 801
617 616
887 888
133 132
132 131
182 181
178 177
144 145
128 127
765 764
418 417
105 104
231 230
637 636
435 434
506 505
709 710
642 643
392 391
450 451
768 769
772 771
909 908
509 508
912 911
98 99
708 707
233 234
968 967
483 484
75 74
569 570
523 524
107 106
473 472
910 909
160 161
660 661
328 327
527 528
829 830
582 583
111 110
289 288
825 824
823 822
476 477
594 593
358 357
566 567
973 972
112 111
494 493
104 103
217 216
245 246
933 932
595 596
568 569
747 748
334 333
720 721
883 884
459 458
722 721
127 126
269 270
563 564
892 893
152 151
810 811
726 727
920 921
219 218
468 467
549 548
875 876
778 777
61 60
168 167
436 435
935 936
229 228
296 295
92 91
429 430
143 142
348 349
165 166
461 462
535 534
894 893
541 542
690 689
484 485
872 871
856 855
402 403
691 690
165 164
724 725
433 432
812 811
755 756
80 79
573 574
941 940
626 625
304 303
108 109
953 952
20 19
89 88
728 729
713 714
722 723
634 635
846 845
739 738
70 71
52 51
632 633
312 313
438 437
158 157
685 686
138 137
866 867
70 69
758 759
813 812
632 631
234 235
325 326
278 277
66 65
958 959
392 393
828 829
550 551
308 307
938 937
962 961
978 979
383 382
720 719
522 523
324 323
513 514
44 43
600 601
830 831
59 58
913 914
58 57
398 397
781 782
314 315
276 275
879 878
120 119
597 596
815 816
619 618
8 7
3 2
222 223
356 357
300 301
570 571
289 290
561 560
603 604
40 39
665 664
460 459
808 809
236 235
980 979
683 684
513 512
588 587
798 799
929 930
442 441
869 870
252 251
880 879
264 265
534 533
461 460
227 226
224 225
502 501
10 11
843 842
17 16
217 218
616 615
545 544
417 416
146 145
509 510
536 535
326 327
804 803
447 448
853 854
553 554
664 663
595 594
927 926
442 443
565 564
338 339
353 352
730 729
134 133
791 790
150 151
835 836
510 511
853 852
487 488
421 420
63 64
61 62
900 901
213 214
93 92
694 693
681 680
819 818
31 30
237 238
305 304
440 441
237 236
77 78
660 659
395 396
753 752
90 91
21 20
232 233
274 275
362 363
146 147
11 12
497 496
199 200
159 160
539 538
16 15
193 192
848 847
784 783
503 502
716 715
66 67
843 844
954 953
331 330
579 578
608 609
856 857
271 270
263 262
26 25
250 249
115 116
919 918
41 42
785 786
474 475
22 23
624 623
826 825
118 119
742 741
205 206
692 693
77 76
256 257
925 926
549 550
369 368
73 72
728 727
890 891
717 716
53 54
966 965
796 795
95 94
793 794
724 723
621 622
795 794
599 600
34 33
121 120
589 588
445 444
788 787
283 284
163 164
622 623
562 561
543 544
547 546
746 745
49 48
731 730
38 37
552 551
307 306
46 47
313 314
911 910
285 284
203 204
347 346
469 470
913 912
430 431
198 199
480 481
687 686
620 619
938 939
494 495
254 255
82 81
479 480
187 188
655 654
718 719
542 543
976 977
247 248
195 196
532 533
847 846
951 950
834 833
816 817
477 478
400 401
775 774
309 308
931 930
311 310
552 553
280 279
18 19
389 388
155 156
229 230
464 465
606 605
378 379
379 380
141 142
85 84
495 496
962 963
453 452
520 521
139 140
150 149
707 706
225 226
741 740
52 53
101 100
667 666
423 422
974 975
98 97
521 522
397 396
468 469
743 742
673 674
163 162
14 13
51 50
802 801
711 710
602 601
902 901
760 759
18 17
840 839
860 861
377 378
303 302
611 610
671 672
170 169
644 643
833 832
602 603
921 922
694 695
452 451
72 71
260 259
678 677
894 895
13 12
482 481
658 659
555 556
356 355
864 865
512 511
765 766
774 773
35 36
222 221
870 871
918 917
418 419
269 268
683 682
649 650
620 621
940 939
777 776
124 125
186 187
585 586
361 362
453 454
311 312
967 966
179 180
800 799
493 492
975 976
99 100
208 209
118 117
580 581
878 877
673 672
385 384
487 486
662 663
755 754
334 335
24 23
586 587
305 306
737 738
54 55
855 854
244 243
520 519
161 162
258 257
399 398
374 375
69 68
240 239
787 786
633 634
905 904
490 491
410 409
896 897
875 874
696 695
501 500
457 456
868 869
536 537
239 238
228 227
438 439
674 675
654 653
106 105
706 705
292 293
197 198
815 814
745 744
189 188
471 472
483 482
407 408
30 29
319 318
224 223
424 425
665 666
842 841
540 541
155 154
174 173
547 548
947 948
287 288
476 475
585 584
713 712
540 539
250 251
331 332
615 614
177 176
638 639
519 518
107 108
604 605
874 873
447 446
737 736
895 896
952 951
684 685
252 253
309 310
74 73
194 193
826 827
656 657
317 318
170 171
388 387
267 266
941 942
115 114
89 90
607 606
963 964
94 93
354 355
114 113
640 639
9 10
385 386
341 340
135 134
933 934
371 370
805 806
662 661
204 205
350 351
725 726
906 907
411 412
212 213
390 391
479 478
931 932
371 372
839 838
208 207
56 55
343 342
97 96
589 590
221 220
937 936
562 563
299 300
744 743
531 530
420 419
971 970
144 143
79 78
746 747
381 380
848 849
260 261
756 757
751 750
321 322
780 781
498 497
347 348
178 179
740 739
43 42
689 688
752 751
627 626
749 750
246 247
344 345
25 24
439 440
779 778
466 467
500 499
758 757
840 841
506 507
576 577
631 630
652 653
651 650
888 889
929 928
457 458
4 5
514 515
972 971
302 301
628 629
44 45
810 809
202 201
924 925
702 701
571 572
84 83
231 232
