980
682444 908588 42464
396456 70772 436512
779149 460675 638420
761901 420864 106064
886126 785721 162525
437380 341115 191293
670839 515667 296181
333055 964192 762575
956536 173148 821312
960880 851613 982773
932254 534056 409859
493217 449011 999132
448229 228160 459806
605148 508560 399169
711213 913185 184889
392237 869065 44504
583530 539903 78670
398210 391457 561361
679284 866493 734510
19095 827372 586122
520367 759625 638677
930227 771341 87688
447857 219569 834348
907663 824718 861407
306831 54429 774592
10219 965166 162155
573223 67195 220557
651893 465405 612015
213254 663189 478507
466263 200783 824378
52384 721150 102501
691061 169875 873842
297248 617732 611911
131595 525394 955128
993003 350724 9556
286093 879444 974722
448248 971166 560416
668805 623059 25821
799319 354812 207509
796325 821075 408292
139201 391958 129441
241702 601518 817817
634044 898767 435548
245954 30361 479442
201081 541863 830166
729137 827956 228108
222357 794703 199274
782774 982008 340832
327094 781326 214143
534603 96150 35217
461394 235351 945675
109334 995554 547192
927151 629597 445958
362699 394050 994820
842141 113630 536682
190805 842767 364638
418914 583623 159340
136687 366396 141347
477519 693490 441173
691662 746592 55822
245378 726485 291173
191052 835820 286726
256743 281469 434822
221201 162667 828872
216020 523307 942502
752702 714113 303767
635839 651526 887391
313679 788213 772286
973526 784231 984276
933198 475892 249366
989020 239769 975852
280193 430821 330170
85418 206063 611639
38740 427264 292806
867612 643284 816113
328613 914486 530225
150879 68823 700250
556769 901002 6961
329055 874528 791192
313330 807725 785583
562696 315244 25351
538547 595437 974672
387216 199354 180735
517355 238094 607999
810161 624206 769783
626273 471318 202767
674998 622197 271590
893747 697466 172592
900709 26520 565619
210399 339850 891843
995983 421045 207086
21333 478092 321022
996006 865308 520377
695240 901162 276970
303238 711322 901176
591520 856095 890993
794287 49591 31689
65877 943338 729155
756969 362545 755675
322587 572945 614024
732929 568927 35068
940016 108759 31659
261037 623264 415467
299913 318503 316628
576884 621742 27950
996559 213261 402544
887552 7548 970635
919241 591925 913972
648395 867393 795017
922569 708479 367961
55091 441407 455387
608659 381422 82645
640319 642460 705910
55785 942373 24412
372413 37755 646154
918863 34314 377915
839906 921866 903963
810540 359605 14386
243011 526499 881779
556527 449067 108756
442987 22657 550163
898374 631316 450085
981019 790134 611044
686928 845919 71915
229840 736832 109671
875994 174193 143985
772408 532599 584350
194869 343138 943955
209255 104648 988953
609533 661175 438019
718289 104161 979176
786952 521034 610491
237036 20552 400625
848080 707480 765043
919995 937320 501874
548165 331813 194567
692150 622720 727166
794999 817590 588803
257452 545344 693452
246404 673377 873126
202922 391665 495787
182097 697116 16820
311088 934152 37372
711713 300730 263352
476755 739225 719171
497129 287389 569483
210195 498039 710703
937361 811537 528292
44662 68989 592135
256613 315393 265511
129739 36815 175676
625526 218912 872792
160845 530000 325443
716718 760212 144672
498569 755467 883897
217739 771095 689786
305722 981290 187824
16424 437149 999361
63215 481811 586849
655350 738425 420742
439361 386663 457557
615037 530688 194968
6327 691533 243468
850270 926750 3679
994943 425318 759146
878839 161557 530240
87123 467279 30028
274947 2202 467177
792808 583917 948989
379656 239266 205912
800398 197126 592575
776454 812163 123262
971423 336990 333294
214890 187259 260044
218569 182201 685362
496215 579540 846919
544954 666663 832697
574983 460110 834899
560659 252917 418815
509647 151072 176581
234058 469970 373707
826633 246423 704370
468394 217845 41359
801689 951235 747118
580232 688304 929320
265593 184518 27358
631012 247971 694021
463708 341453 154130
817107 902113 925547
754421 930259 595119
449501 164317 65088
341708 509449 830011
46077 977844 566356
605936 298031 517590
353053 878263 205893
800872 143855 908911
828230 293366 156882
40750 757075 498335
713380 92680 400447
638927 847101 849206
752545 296602 13522
817633 638310 522971
166142 202886 19313
732498 327321 317344
250088 198873 195606
974481 999746 857962
401891 346474 151327
558773 387224 426901
575607 100604 519581
494554 258030 885182
343759 10574 181783
875781 346706 338592
398751 512848 59977
418065 763846 387298
253908 532433 586171
449515 506913 104415
825976 908804 450890
977303 986076 356613
404204 80182 457217
442284 93235 233746
327465 955494 244320
27747 831274 109525
884839 748524 140873
944816 685088 904719
850613 938997 955651
955284 907011 462563
59698 732986 889867
29087 228787 875942
385701 151490 474623
361417 593775 567858
595164 921240 523351
357983 467487 354624
986009 352325 621648
126881 815641 306735
550099 666253 245731
505749 621536 152741
486811 199734 885727
376677 747321 114514
771119 651521 266004
245741 12938 378278
332099 126601 818018
855450 484584 285504
728574 470592 637829
350221 115972 453469
175455 184570 638222
421187 208818 778257
573928 695630 977991
978155 590806 243811
611168 361924 895332
395671 126165 426769
773950 458264 553370
591967 832213 556454
877471 79285 545545
33798 948006 180017
5767 123461 364587
643989 63147 573406
422245 155574 787535
918736 133728 378340
162546 263395 258764
576377 659067 384929
521646 433016 361692
593515 24982 712404
149968 420952 310189
214013 454750 776694
394030 460517 418654
758617 623005 481801
850522 45250 637376
638056 963986 289603
16396 126531 552999
793660 221407 730565
178588 743053 163580
58779 336568 707062
289682 5035 646513
599871 219048 619762
895065 613078 598779
313718 371695 221783
314019 740716 267033
469894 378772 231018
759497 913668 876049
830995 707327 97456
80058 404414 359008
762138 463193 695576
469199 271374 700612
634211 389745 919660
253973 284809 532738
852752 117026 422932
74534 431045 163647
341568 900939 60918
91085 178935 974586
967135 9929 681912
583090 89988 86325
942098 370625 68017
156173 839825 857892
375284 474035 247636
294943 246507 532445
346180 99258 649471
287611 692293 599016
969759 552360 499954
30676 643445 678889
5262 129078 207318
205673 230667 815806
810499 691265 186430
397015 847438 544754
254906 741221 537289
502542 36163 783796
553486 900844 401554
721457 706954 93846
320472 676712 646206
820426 225888 808150
499315 749650 937229
706633 955323 686395
40937 284320 377659
227367 681336 743596
772122 936242 484816
309410 957284 39479
93205 510769 940323
494759 232225 165775
107104 71196 360987
753310 891623 586875
79959 909437 336524
17187 134568 810346
222081 175505 94666
599741 402872 294501
343336 693493 230742
346652 2902 706525
386131 614608 217294
844953 627866 968019
10727 734971 39215
371714 6779 449337
477088 86738 358773
813612 622425 493341
623958 844507 668846
237123 962747 590217
531624 306082 283710
280865 652734 805112
987391 557364 419719
723184 402316 47585
691202 413044 301055
248916 303257 826334
698253 780346 913073
57025 112456 53996
68865 254913 417002
737711 492036 379748
846428 542159 204330
648637 823025 857064
453748 810415 414428
391967 533598 335243
958052 743299 266786
259106 992216 570044
85439 690468 868889
517011 265993 981345
89507 334858 236258
506509 591069 246793
886258 955996 788953
90587 604632 611977
466150 576879 940891
399077 968846 992988
734321 445396 254785
1106 223001 247000
89649 826941 455968
958538 343951 721961
458382 951958 575318
213139 458467 166386
459932 344724 122381
248884 953811 245512
379360 419960 822392
838750 819038 309736
831737 71857 755133
605022 72963 496633
852022 681113 323573
826489 158149 186024
66948 616531 137981
642267 829670 596448
327152 808102 459671
968034 56985 413481
213545 954846 833442
554436 793595 170978
382672 143831 242835
656304 748853 834298
152936 119373 33909
476510 464362 192059
662534 531310 327089
800515 692076 675259
915463 537728 483360
375133 505761 58844
788615 237805 13689
140555 310741 325784
311533 693413 988115
72867 349716 736967
907165 502652 374839
941075 497661 357700
651633 160194 407510
978722 479209 99585
653980 394671 155812
655839 769804 180072
714684 76917 417878
246872 217472 247118
572656 47504 940531
560770 120371 808746
816236 27536 829897
709575 487110 327558
67274 138742 6251
474784 635963 3959
92869 289943 917130
248681 464281 205433
428754 178964 282350
365131 944337 18322
612249 516992 65826
71278 596262 186198
398523 930997 732234
228419 640571 219343
74476 226345 876585
599228 701129 512547
121686 793998 320989
38816 561179 785271
244249 508432 482734
45098 873563 427070
63420 4310 462562
129247 594088 58823
833945 992611 989820
566178 739529 148890
304020 814006 375235
180604 931733 594863
211650 53418 907361
532640 92234 468539
317910 854983 495470
800644 900082 369032
746214 482001 891842
208775 611248 485929
786098 963692 997039
294416 48368 736567
443306 352388 69071
337040 51491 803
931904 263142 572722
357763 795782 183455
344801 632191 38438
840271 951334 457019
209302 697547 939020
619643 906322 68767
624071 210918 32458
621109 505335 599327
357675 948641 951715
426747 804181 3206
946050 736084 784848
518771 612346 580629
220726 957147 731319
259164 797417 682652
234682 525218 380199
173701 144860 805020
760968 768931 15938
311926 390039 521273
911253 266213 988413
862967 692960 792593
384672 639010 47175
688019 676280 659521
268647 897006 135166
999966 674669 932583
201117 427850 457800
581316 120051 121159
904835 881019 890090
439272 192944 798628
960545 104196 64841
467457 485663 276300
778549 388834 433809
344224 76853 628589
522244 864000 44093
657411 382465 718763
589993 583582 665112
47793 683397 785163
687452 588231 666182
96041 546003 377625
894669 506547 321
478009 492503 4483
754310 789552 393317
706618 133775 988670
335206 656019 852670
379300 313429 235134
616562 421922 337215
281673 469715 20611
585336 675666 127341
251517 771707 673344
147641 666376 698391
147962 662884 190893
670945 417193 980445
64262 642311 632719
52931 977517 288738
424100 356816 120666
659234 491877 542588
514948 773551 530802
535559 358886 206468
662901 128902 978175
336244 795043 644550
553134 461505 825934
262527 132449 761626
242971 196711 403936
875691 768143 381453
682928 192242 256768
803594 369976 748646
346182 884924 40695
876984 938983 918081
83451 120382 565482
61626 975126 360524
224675 528260 822029
569108 790787 954479
330734 552257 669689
734670 946447 956331
634622 629374 667073
891391 951468 555548
158535 297649 958971
717730 693132 897953
635810 776584 536834
719791 356709 511960
80314 99883 40219
420843 668992 831006
893821 518225 901762
82008 252894 848209
556839 887517 996082
223911 297406 947549
297958 974441 763697
256928 210669 456829
673381 364978 751912
210214 84768 627120
722174 165082 245502
280892 104424 914494
630397 998245 432718
532159 80253 204112
380367 637092 610128
894948 379502 907534
842497 195959 400473
606193 452887 611142
63021 644767 976120
333432 373481 60887
960552 614154 744469
206054 895047 848894
639047 525443 365637
590265 576101 964390
794377 956468 119980
404504 369915 17981
830537 212411 213940
749509 818604 666828
360650 400125 830094
855269 252056 203574
434655 212608 817729
179123 937162 231274
546516 576208 756717
430653 166472 332818
395042 479348 807785
515023 883852 177699
533004 232887 908610
746945 982396 245713
932272 861545 164337
280864 235312 416393
484439 669967 629001
820667 367590 566162
51940 914106 660870
327156 863258 345841
178473 258300 825190
504758 291822 227540
200956 343325 460428
109566 608769 961323
355279 59539 341367
38115 340404 95178
454508 824843 765146
602009 164008 132735
686670 215948 565340
347539 61603 428598
693381 240077 205397
518570 744835 497219
264609 945791 840544
243536 573856 449313
723359 447634 508852
64725 485749 367755
159903 940258 192597
443548 60765 875105
94782 747435 609552
660123 613474 671156
607220 306854 911233
812617 343923 174566
309835 608532 638856
668878 370568 212712
636690 93926 178845
664042 677151 664595
31796 355553 123351
742894 799102 184116
617998 893884 931551
227550 72505 545024
898706 679725 370377
328437 10840 232799
503003 320675 359831
141858 508053 730399
873070 144742 824325
51915 808784 501475
716510 840581 375527
839861 583474 174628
542476 719971 587012
474026 947521 178016
537550 846226 857742
426426 174662 868582
659226 196164 707757
19056 338023 734309
749455 729592 879051
92278 781507 206334
112252 498016 46914
487779 856376 148887
180907 917351 868858
286418 909877 334878
464434 447426 699603
322175 873852 392765
709257 51576 588929
935513 70632 445451
669821 338586 175043
67370 430864 956550
273704 543116 973066
839118 30895 347940
506504 730302 265291
893862 16719 175167
228739 481153 141092
928342 321828 533443
321106 549584 585020
428535 485096 174151
873986 673416 512738
49028 740786 943602
524078 532990 5217
15642 372107 554612
363582 878612 284913
147372 772473 301632
841039 519711 301284
982131 448052 623112
34073 287658 172695
137592 716193 176290
311743 590178 849706
824481 157706 108991
286582 200283 641981
291799 215925 14087
846411 579507 411198
649823 245379 702170
469954 86417 221880
771238 587048 188432
394350 621121 476090
85544 758713 192282
261835 588955 300959
630040 931936 977165
257530 218517 177447
899511 28815 393372
432098 875226 491379
361795 43547 736758
63965 513501 823175
804345 284738 928722
992777 197587 549842
468866 283132 827054
179647 63466 934509
999107 212005 866444
494770 469536 84960
672218 887546 113775
584089 838143 507500
75467 199938 551047
812225 782403 583047
153899 105246 867785
601120 98023 65372
669462 85388 867004
496515 783536 930470
949523 782642 142474
815966 277411 130509
900926 468128 536555
533200 52217 374697
559199 127684 93134
628745 458409 394036
211791 130807 499283
79576 731927 597306
663448 919888 201193
530451 416403 984729
979420 884425 285869
121893 700391 81780
770903 119815 549908
307457 653016 120624
682154 730714 766809
293788 359459 743717
687824 571250 393023
187106 169325 643449
302911 832773 563337
504105 881723 498239
7332 861142 382663
811702 501535 83053
893482 790937 202869
961889 98393 374384
82513 299046 105097
367821 592834 983056
111537 799158 554306
504560 504763 242130
148008 807675 593403
711345 830279 993625
209583 356110 854767
592247 167811 874801
193799 579792 665737
396668 541681 764130
289551 142693 581675
394649 510514 174509
896204 622051 492166
969009 645110 996929
211139 793118 323102
323041 22962 671880
316665 751045 27990
171431 343291 714301
564731 537091 294093
230467 452258 835774
513096 741810 978467
94771 654958 7479
787780 551161 148029
279945 38669 793139
276873 249808 104755
599976 572849 127717
271855 408013 878763
818345 579445 740553
532646 662675 796143
826739 893143 248401
181011 924738 508710
677977 19508 682167
685456 325787 751827
833485 605732 790496
145122 401105 40303
249877 1080 131651
896095 791435 539665
774857 128279 637609
33908 179424 300283
830052 524662 711925
596952 705673 636663
624161 383649 174670
306327 587604 18957
58153 939588 624689
848650 603209 25793
407452 853086 545373
57603 267679 855308
115767 561035 502086
753376 594944 681510
572158 943495 206171
802583 540446 911844
957745 164606 813992
132414 470933 920095
669871 47585 378181
294560 414734 981390
838853 822187 834475
902726 879790 620654
276532 995557 181688
778618 267431 776632
460127 358088 720126
666298 160670 779071
96640 118414 462176
429131 769329 451608
349225 439199 499194
727406 733759 913928
708795 91111 254613
61768 993837 134402
682422 270368 648458
382610 567485 434388
159241 27611 792477
397867 212408 953147
176937 309048 71561
639114 256678 840890
90721 605903 798588
108414 851808 50846
22342 79101 141957
276955 659369 654293
929858 860291 443160
96814 242900 10644
531203 920641 556755
323679 318507 769163
795325 13944 596710
866886 653058 853388
226274 262278 977790
24862 370693 348096
75708 911535 427197
736165 706989 605065
908957 636846 983855
352116 252160 226754
881260 783363 147395
438014 625541 984402
725676 420865 998346
322385 806251 169902
694272 32524 950681
672061 575886 839873
538656 170093 751407
965853 424757 976895
89416 333713 132240
73271 685829 384400
818525 567088 167762
484419 523601 311802
468821 249276 732667
985666 90160 538917
155568 784432 89941
624748 974992 184326
464620 513647 354420
734526 997999 297676
711420 87415 631390
843660 679186 835718
228059 497710 921306
914321 982130 444906
226122 969450 212682
477289 955115 302842
16205 629182 87274
624646 253929 62265
808973 718549 94412
681892 453074 92410
979568 164494 698325
129456 8153 377510
965175 754713 393720
886480 669033 375849
849885 413655 345298
62566 890944 818912
365409 425648 448094
971183 50294 702023
551947 377766 939072
646359 59657 392145
257269 557724 75138
955594 687181 601792
851604 170854 356504
245323 575833 25536
139671 425717 439191
3468 6783 848634
822380 890692 274282
788973 861874 324576
490996 413820 702342
948567 578679 280498
340711 835948 838222
415850 791541 525402
536141 161643 696256
892645 925466 790588
436680 583636 216305
394371 587104 741588
243004 927984 632279
517286 716956 12651
360361 726451 426471
62702 675017 523649
861700 534228 359596
699922 468577 669637
743823 4717 831280
958579 897362 275245
749166 852541 858881
483970 246911 964485
225557 8415 892468
857836 525701 127922
870487 404562 372873
815458 985764 47889
339106 847464 100616
217202 547385 569193
886839 809707 92409
236617 768285 508270
511862 517451 360811
370743 519920 126221
335227 745478 134636
746194 121812 178837
874116 510799 583399
246988 326256 569162
813378 183861 416625
913994 401063 482509
1686 287901 292216
612595 524519 60500
120865 36380 96450
481676 925623 134870
607897 260849 880348
261033 7042 2159
439870 399658 512958
23268 646646 357713
110929 978523 541575
527555 411016 461137
528563 931202 267538
820779 543796 792057
399779 664661 346936
14728 664836 272559
149598 791233 51907
29945 52265 577450
550605 10634 977108
582062 33902 142252
939776 144831 639275
999850 190885 50290
979486 719449 981492
247023 58726 43786
39079 458505 708448
904516 991734 891783
695574 141331 683015
265980 689777 253779
843430 758881 264413
339036 340942 816815
481289 799217 480146
120563 317565 671031
689353 297051 908979
189343 544074 967706
233129 101653 944710
460076 524668 454942
351859 220241 114773
553373 4720 323049
807153 848151 81929
590065 705686 941371
406880 705474 259087
887026 344536 95151
76555 33888 392202
985535 223231 454776
471739 974861 556429
934948 434936 599596
389890 305294 338336
23162 858668 343056
346211 184319 709706
946640 774384 415392
406509 181263 120865
184095 586788 465402
279247 663344 17789
671449 167377 759521
644724 639116 734381
719652 92562 687816
319247 951 511610
657583 24113 888777
519139 888824 73095
228844 353962 365978
162735 760472 65741
802101 944567 652529
786002 742313 834372
803791 413762 1748
81810 58485 159363
816191 296637 251926
22506 615884 771377
534116 791967 795491
422892 311105 202813
14486 58448 556776
380464 221184 835747
964705 541784 298812
617234 327785 41125
451605 650075 454887
453354 731886 31871
612717 66575 328508
383142 607581 462892
154519 660196 254858
468509 601587 565963
671322 616073 142910
746597 515037 882594
582343 479741 424377
881156 615474 270661
922281 585579 920737
895667 38932 171121
446037 170148 756196
293045 71790 363777
755937 226309 542472
529294 213317 144059
613756 884639 278631
756666 149735 312167
639260 732078 791909
63636 131732 925882
852798 54012 511460
773534 468178 68891
463154 914216 757540
219349 725760 829330
101625 195 574138
644098 529489 787455
788157 143244 190592
585287 418409 340327
897455 57668 590905
207862 639805 722637
133743 492602 295149
645204 784635 763327
232594 766288 196041
990134 985637 440300
337962 605762 440495
912100 768359 969984
699554 75014 631727
408646 660301 50136
748973 557755 626304
858377 765617 784608
581014 417860 795709
876163 581563 580343
157988 814157 865130
872530 322790 369266
312829 660752 975028
753325 572852 743386
241807 790905 818400
392034 718050 997200
960670 467023 554955
586973 325399 839071
890081 424912 775430
685789 301074 356992
784632 977563 171149
649761 850092 12438
19026 162920 673190
740 741
605 604
915 916
214 213
144 143
623 622
608 607
101 102
28 27
202 203
297 296
668 669
645 644
286 285
651 652
332 331
953 954
710 711
103 102
164 165
107 106
586 585
210 209
423 422
33 32
743 744
93 92
353 354
769 768
172 171
696 695
300 301
61 60
835 836
653 652
130 131
833 832
509 510
554 555
943 944
350 351
786 787
168 167
938 937
948 947
365 364
637 638
6 5
418 417
955 954
324 323
561 562
714 715
79 80
469 468
888 889
198 199
534 533
887 888
779 778
452 453
563 564
580 579
493 492
223 224
839 840
386 387
690 689
208 209
507 508
574 575
286 287
155 156
651 650
139 140
94 93
28 29
178 179
892 893
331 330
311 312
340 339
454 453
432 433
664 663
160 159
180 181
249 248
284 285
611 610
137 136
780 781
27 26
194 195
717 718
565 564
650 649
908 909
586 587
511 510
461 462
800 801
429 430
132 131
883 882
247 248
676 677
977 976
725 726
627 626
754 755
458 459
267 268
801 802
630 629
555 556
619 618
294 293
130 129
193 192
249 250
218 219
355 354
599 598
435 434
120 119
653 654
957 958
622 621
220 219
911 910
812 813
197 196
537 536
632 631
112 111
838 837
761 760
855 856
544 545
97 98
601 600
426 427
78 77
419 418
63 62
522 521
243 244
341 340
471 472
26 25
90 89
754 753
173 174
957 956
893 894
487 488
393 392
659 660
123 122
807 808
69 68
900 899
716 717
519 518
115 116
521 520
646 647
590 591
24 23
698 699
87 88
357 358
588 587
398 397
404 403
945 946
272 273
770 769
496 495
259 258
334 335
81 80
235 236
914 913
98 99
460 461
373 372
50 49
857 858
43 44
141 142
864 863
497 498
546 547
911 912
979 980
466 465
936 935
730 731
926 927
163 162
67 66
386 385
170 171
566 567
145 146
558 557
371 370
266 267
278 279
388 389
382 383
52 51
634 635
929 928
739 738
81 82
537 538
43 42
333 334
663 662
655 654
831 830
263 262
401 400
744 745
816 815
758 759
849 848
117 118
860 861
491 492
922 921
87 86
84 83
314 313
435 436
107 108
166 167
977 978
120 121
168 169
294 295
383 384
303 304
462 463
105 104
970 971
477 478
849 850
250 251
879 878
333 332
430 431
912 913
52 53
30 31
316 317
476 477
170 169
549 550
3 2
552 551
535 534
535 536
572 573
355 356
942 943
19 20
549 548
879 880
345 344
491 490
149 148
468 467
968 969
406 405
185 186
813 814
860 859
865 864
721 720
803 802
856 857
399 398
452 451
934 933
772 771
74 73
372 371
416 417
414 413
772 773
895 894
584 585
931 930
464 465
952 951
473 472
931 932
958 959
220 221
818 817
134 133
303 302
680 681
940 939
376 377
37 36
556 557
180 179
688 689
589 588
48 49
511 512
678 679
44 45
141 140
379 378
513 512
471 470
602 601
774 773
621 620
37 38
405 404
831 832
269 270
550 551
82 83
157 156
493 494
975 976
466 467
200 201
648 647
145 144
59 58
530 529
328 329
302 301
183 184
763 764
806 807
110 109
394 395
157 158
852 851
352 353
476 475
906 907
923 922
508 509
707 706
125 126
420 419
592 591
639 638
542 541
243 242
892 891
737 738
924 925
844 843
683 682
277 278
15 16
762 763
440 439
815 814
746 747
147 146
290 289
923 924
347 346
153 154
114 115
147 148
657 656
966 967
413 412
552 553
728 727
312 313
272 271
519 520
362 361
415 416
330 329
792 793
96 97
748 749
30 29
414 415
885 884
233 234
450 451
275 274
632 633
177 176
648 649
701 702
573 574
569 568
781 782
531 532
195 196
94 95
811 812
217 216
973 972
361 360
32 31
407 408
771 770
691 690
232 233
53 54
458 457
260 259
446 445
829 828
891 890
777 778
241 240
75 76
103 104
742 741
449 448
684 685
595 594
507 506
707 708
506 505
714 713
387 388
775 774
79 78
674 675
262 261
795 796
68 67
540 539
504 505
517 518
873 874
964 963
324 325
524 523
693 694
847 848
750 751
14 15
566 565
113 114
597 596
901 902
664 665
846 845
804 803
955 956
188 189
368 367
310 311
42 41
685 686
480 481
129 128
899 898
643 644
731 732
128 127
441 442
618 617
783 782
396 397
90 91
513 514
723 724
949 948
152 151
35 36
475 474
441 440
582 583
289 288
726 727
149 150
687 686
843 842
786 785
710 709
898 897
547 548
628 627
609 608
973 974
407 406
110 111
756 755
765 764
409 410
539 538
839 838
667 668
186 187
698 697
929 930
305 304
784 785
674 673
496 497
307 308
700 701
712 711
268 269
603 602
859 858
95 96
348 349
7 6
949 950
4 3
184 185
862 863
290 291
239 238
919 918
428 427
264 263
516 517
757 758
256 257
374 373
227 228
917 918
681 682
320 319
553 554
338 337
315 314
8 7
855 854
283 284
190 189
625 626
50 51
33 34
730 729
776 775
756 757
728 729
143 142
47 46
528 527
700 699
227 226
253 254
489 490
231 232
641 642
826 825
559 560
420 421
969 970
805 806
702 703
498 499
444 445
358 359
596 595
928 927
100 99
705 706
448 447
722 723
925 926
791 792
239 240
819 820
298 297
866 867
399 400
575 576
629 628
117 116
155 154
408 409
900 901
876 877
902 903
712 713
159 158
889 890
59 60
48 47
876 875
138 139
237 238
175 174
789 790
960 959
886 887
953 952
473 474
827 828
245 244
499 500
877 878
35 34
944 945
620 619
191 190
823 822
571 570
501 502
321 322
672 673
481 482
909 910
961 962
867 868
974 975
821 820
967 968
325 326
218 217
766 765
438 439
109 108
779 780
54 55
455 456
615 614
616 615
280 281
834 833
295 296
10 9
811 810
563 562
274 273
204 205
251 252
903 904
495 494
655 656
740 739
760 759
298 299
161 160
776 777
593 594
696 697
966 965
579 578
228 229
868 869
21 22
667 666
12 11
866 865
357 356
524 525
532 533
256 255
359 360
394 393
641 640
479 478
665 666
646 645
624 623
736 737
544 543
344 343
56 55
421 422
526 527
22 23
275 276
150 151
971 972
18 17
199 200
916 917
279 280
919 920
246 247
708 709
541 540
234 235
480 479
212 211
545 546
246 245
342 343
69 70
16 17
135 134
482 483
401 402
503 504
138 137
459 460
165 166
940 941
905 904
318 319
226 225
733 734
45 46
659 658
747 748
225 224
211 210
121 122
767 766
437 436
342 341
163 164
572 571
136 135
77 76
558 559
693 692
636 635
320 321
735 734
590 589
64 63
429 428
241 242
56 57
437 438
10 11
749 750
882 881
463 464
40 41
871 872
808 809
606 607
604 603
796 797
639 640
515 516
382 381
253 252
725 724
270 271
307 306
694 695
688 687
350 349
790 791
869 870
525 526
613 614
450 449
101 100
905 906
935 934
375 374
683 684
486 485
402 403
486 487
327 328
214 215
880 881
221 222
282 283
941 942
318 317
718 719
581 582
183 182
339 338
8 9
208 207
600 599
376 375
847 846
576 577
669 670
483 484
1 2
612 613
222 223
522 523
88 89
105 106
75 74
489 488
229 230
309 310
323 322
423 424
65 64
743 742
236 237
584 583
979 978
92 91
822 821
365 366
692 691
70 71
800 799
736 735
133 132
951 950
716 715
824 823
21 20
292 291
643 642
569 570
276 277
606 605
677 678
636 637
703 704
610 609
884 883
13 14
561 560
854 853
722 721
172 173
829 830
153 152
326 327
205 206
895 896
391 390
193 194
834 835
871 870
753 752
412 411
348 347
514 515
745 746
907 908
704 705
315 316
426 425
201 202
660 661
265 266
410 411
39 40
287 288
352 351
282 281
178 177
611 612
257 258
824 825
455 454
25 24
937 936
963 962
933 932
502 503
661 662
124 123
675 676
886 885
719 720
207 206
424 425
457 456
914 915
633 634
501 500
836 837
198 197
784 783
18 19
391 392
432 431
567 568
112 113
379 380
309 308
363 362
844 845
938 939
447 446
805 804
378 377
671 670
191 192
212 213
5 4
254 255
947 946
443 442
124 125
752 751
679 680
61 62
787 788
264 265
390 389
543 542
12 13
203 204
630 631
305 306
616 617
337 336
592 593
794 793
841 840
816 817
761 762
230 231
794 795
85 86
768 767
85 84
346 345
964 965
72 71
852 853
299 300
57 58
188 187
118 119
598 597
658 657
875 874
181 182
363 364
384 385
216 215
380 381
788 789
624 625
842 841
961 960
798 797
369 368
161 162
799 798
39 38
443 444
370 369
66 65
469 470
850 851
528 529
127 126
872 873
176 175
367 366
531 530
921 920
580 581
897 896
396 395
72 73
671 672
485 484
433 434
826 827
335 336
732 733
261 260
292 293
578 577
809 810
818 819
862 861
