196
823442 204748 87900
857762 809022 604620
241355 405180 92327
791071 194510 805443
92193 202680 505030
135204 501043 288580
62782 928115 627791
797161 518152 833497
533321 735539 779645
281611 357048 718606
568623 180489 441853
656523 556751 250874
261142 798106 174553
871970 107675 369064
677412 718368 90243
700941 853572 591286
508020 916355 519401
654310 232014 556052
487806 765335 810090
785951 565445 167137
504556 134067 347627
946409 309090 422877
715783 88731 739482
890336 479200 847157
259399 156611 565525
868143 376052 419096
977928 884072 853950
15827 538382 85963
571879 544687 369797
381968 330637 935242
549106 353692 587809
415232 300101 896899
356608 15883 985630
96089 424718 983330
943246 202617 139940
27269 70759 34491
446366 48686 918564
300315 64514 975445
904779 154892 38630
274575 536861 369268
209817 604466 722960
316125 538197 541560
213023 413304 75942
717152 509393 500661
700481 971138 703278
358921 998408 292536
393412 444773 341222
830475 263587 924236
324418 168365 597628
363049 961441 134488
250816 689757 257453
492275 5881 314149
33835 218904 727453
109777 454555 236845
128937 155036 726482
832215 32456 724889
124750 944368 169661
984473 293342 951749
427207 617760 120113
24834 499308 600053
677822 268623 289809
935275 760899 295690
767923 794734 33093
495375 423010 6148
250719 551948 161184
977202 902662 712140
220589 27412 656507
390251 530384 468348
860499 957591 604608
499111 982426 622415
99164 178746 891039
388973 632521 651937
203163 400443 965170
754756 414318 906679
760904 183536 977126
440587 679237 879788
152726 899827 425699
327733 808577 956083
314580 669075 432172
919188 168185 933097
541603 267349 111843
432641 174822 744364
603077 377985 144806
86745 651240 77623
993424 412144 261160
489049 852731 940397
368836 523957 840223
313034 370189 167298
269116 684769 836373
219787 122456 4558
152884 664059 271907
783227 615199 965229
527590 218275 343213
190895 823520 512953
787019 816943 925097
48178 824491 296326
507074 193326 338782
865797 506360 227470
33094 293975 430739
869468 513763 553195
874026 185146 735753
664432 968373 350951
629661 14461 87725
491373 723856 911245
4325 510874 246686
447921 559052 71177
262747 584626 783003
120028 450422 289363
347499 2015 101837
778238 871483 134099
849932 264007 319245
585684 446939 806117
936635 595099 339077
24359 86471 62933
454103 609297 573807
700789 575717 651359
771966 838464 235984
554969 476992 204905
362831 824491 206920
983168 121227 596903
117267 489658 860910
955012 75341 826348
279628 530475 421446
618705 73333 507918
200137 527436 635714
773945 746724 211430
943803 37189 568394
698286 110657 563885
903191 473488 388375
628610 456655 28101
225512 92421 517759
604922 47433 111599
431269 845561 642074
852716 464265 715407
879133 664403 761342
33345 956847 508065
763275 900649 545254
331668 117433 655911
895553 20623 647898
802427 167732 623053
349027 393245 715474
866786 516666 281406
496884 947935 126966
138957 319149 591232
372863 198281 774134
134204 231626 249479
160769 994902 150127
706023 845069 267560
361934 259121 806683
528331 580047 974415
151383 929075 886159
866858 314359 402824
148263 811244 869259
793730 468700 188407
903461 841564 905189
677594 494267 655314
927073 655036 650215
595699 361059 13783
381758 241492 791404
188440 769823 371450
681354 439706 819024
86012 306563 133383
7335 973326 463126
876594 767055 931826
583501 670515 291888
7188 866608 786156
662502 312179 959691
831217 907878 839249
845000 289635 599240
636403 996575 887563
526352 196428 327268
345376 282440 633831
997259 808275 125655
460384 203368 411210
910709 786869 600224
721097 794057 466832
25751 975058 779011
985442 806274 205388
824691 169772 13522
423930 806175 528597
311492 851027 725025
638760 196402 525964
791090 193660 334238
435245 172543 56105
846455 601751 842974
446678 322847 155529
432009 348598 649087
211020 334040 455360
934908 677230 625133
948430 619659 949807
477026 449651 800833
720550 88410 997235
246513 398000 709394
99251 833245 400436
155356 198198 2187
516830 644876 325034
105 102
30 31
187 185
74 68
150 154
167 163
1 2
158 152
52 53
7 6
182 178
90 96
22 20
119 126
143 146
117 124
102 104
101 96
134 130
86 84
163 164
78 75
116 119
11 7
24 17
5 2
143 138
9 7
91 89
75 77
190 192
51 52
81 74
29 24
173 170
132 127
169 165
174 171
42 49
195 190
120 119
25 26
65 64
39 41
185 190
115 109
111 107
38 44
156 162
157 159
193 189
12 5
59 53
36 32
61 64
181 184
140 141
171 176
138 131
113 110
138 140
22 27
136 134
160 155
171 167
109 108
51 50
33 35
98 100
128 127
43 38
55 52
98 93
181 183
109 112
175 171
116 115
90 85
171 177
83 87
15 12
88 81
127 121
20 21
135 128
60 58
97 93
4 3
148 146
40 47
84 81
124 129
147 150
32 34
76 73
126 131
46 43
193 194
166 172
102 107
109 110
169 170
125 121
108 101
61 67
191 185
102 100
13 14
135 137
19 15
41 45
188 187
96 103
83 79
127 133
63 61
18 25
33 30
85 82
159 161
20 17
176 180
69 72
150 156
141 147
8 5
164 166
160 165
78 79
17 23
173 178
135 142
161 168
95 91
32 25
93 88
82 80
76 80
68 65
58 51
18 14
181 180
13 9
64 70
25 28
73 69
10 3
113 117
31 38
2 3
3 6
92 91
183 185
147 152
54 52
50 46
72 75
122 116
48 45
36 40
55 56
130 128
113 118
151 153
142 145
17 13
151 149
189 182
118 121
184 186
42 38
61 54
196 194
55 62
94 89
123 121
139 135
114 111
87 89
144 139
66 62
160 163
30 37
151 157
30 25
63 69
39 32
57 55
71 70
9 16
149 146
99 98
106 103
155 150
172 179
