196
612986 938119 652061
926817 557281 176355
673553 979648 177659
860452 707429 250533
657184 926863 931179
173850 724083 893951
517183 892713 153255
504326 938540 304823
141011 215060 249908
896909 793295 302238
815332 406280 240357
467392 851597 797638
643747 525149 777286
821406 904100 3213
590439 561283 930076
521617 253632 172658
934067 770816 65370
605822 793641 3910
429144 453152 218970
679052 350060 530764
981291 683891 937044
740147 669782 788640
56283 313528 313788
833569 653433 217887
836782 243871 779170
285357 283988 32802
458015 736554 322117
41884 342375 634257
45794 771520 87408
783264 969071 955968
314027 950361 639858
251071 209006 309639
558210 265290 141666
871999 617358 313599
608385 972640 75969
906055 776496 359957
457356 234510 96511
779473 794894 957386
413729 840689 728905
19637 623952 697976
975605 456479 166835
133962 226049 375842
443601 784259 159631
103767 656257 776989
417366 783142 749628
493335 689196 526123
371792 146551 279132
986803 444523 74026
462687 858252 433214
191592 396388 575665
408067 890493 32143
93401 24454 258192
469243 468055 42451
628874 571822 217207
924363 507687 348
673990 519522 208043
718613 409813 354594
516244 915115 799117
108769 377801 175868
541983 569393 572256
117648 495959 462748
149791 589361 487202
926484 577103 473757
968935 724477 564078
704641 648839 590265
223489 841328 109786
431532 78439 519599
786127 594684 434713
585243 703453 331013
279610 763936 900407
851867 881584 914865
833114 31374 504225
838816 957858 599828
831072 445291 324304
395149 668432 491642
503913 891921 851469
613699 323452 448408
651797 628078 43091
605009 731821 265043
936023 11430 28978
354928 381796 429061
788292 733410 978936
811017 572225 455292
410844 403296 900584
253647 316944 87514
263788 820858 979435
115256 953056 821386
563664 123352 449464
125254 246860 181284
908798 701382 711214
456275 574809 93010
885337 363101 826420
864272 174117 917144
319563 103460 320439
738646 357107 155882
826160 620895 495239
324093 254650 966795
145479 336814 608646
113442 980568 855506
294726 889365 75387
5939 864140 650196
617449 749476 13296
443868 132246 705913
361011 970309 809373
199949 708955 684979
874332 53613 824373
369570 377707 79023
854864 41685 934337
463509 155127 914904
837515 968353 322768
912902 974292 186907
563097 591741 454882
94893 554108 587128
800806 915120 557436
128678 633568 784890
813657 507899 838504
638030 395969 734710
235552 769332 776395
169888 232841 931522
603291 588855 899874
926059 501756 392664
112965 583352 502904
567847 196744 57012
673474 997551 490631
230910 126228 124198
15799 458384 150597
372802 96413 546566
107511 331965 315897
883906 501853 67237
333926 105144 656092
752299 549702 676347
663463 181167 778199
684866 267513 974943
741878 940988 490992
751008 690397 135719
393706 706196 594104
544303 597498 690517
609368 705009 22482
443764 107414 42834
511002 959840 666478
685593 712139 734680
880440 894101 915847
177137 578966 183359
152079 839344 642846
161571 590351 333242
297290 984057 557938
891394 46858 155435
100410 656226 378943
641392 99990 486357
202725 129491 446197
869204 333583 676835
122382 214022 570935
38228 391159 668400
740087 61738 507743
382933 223309 616594
234674 39098 119149
311111 448992 684508
985046 549402 340733
363989 709293 959223
850346 912018 607213
815042 299720 940797
491876 422102 673318
581310 978830 582977
249710 718917 163214
275952 620349 905023
411045 855023 944121
48694 684634 393112
733202 669679 461013
73934 33667 688805
551657 402513 600823
158869 217554 419042
618165 709431 359644
809983 809240 338473
392959 577449 57389
74672 853402 196237
979695 782946 569760
923815 831640 254393
835427 564841 442571
814939 157275 476239
503744 227431 397251
623066 386300 614805
560607 522965 842735
920251 332947 651975
258724 244405 229423
834613 319077 601324
549350 298771 902770
119109 222585 734409
892002 576511 817750
334572 391450 493524
329310 413693 720955
726561 36758 625754
341366 115864 148718
702600 36115 481665
873074 813339 726070
620997 166450 563646
740820 715800 862417
82 80
35 29
105 99
60 55
53 49
122 129
145 150
91 94
49 55
10 13
19 14
48 41
149 148
153 147
20 19
11 10
186 188
72 75
21 15
71 65
136 134
54 49
108 112
44 46
139 133
47 49
145 151
178 179
34 36
50 51
64 66
175 173
11 17
26 25
57 56
78 74
106 108
90 88
62 59
117 124
37 34
59 57
16 10
184 191
126 132
145 140
163 166
166 173
181 174
160 157
65 59
87 81
194 196
140 142
93 88
122 116
154 156
117 118
127 121
60 64
167 174
80 75
159 162
98 103
91 84
2 1
114 111
117 113
151 154
180 176
120 118
25 31
154 155
83 85
85 92
181 183
110 104
69 73
125 126
104 99
85 88
91 95
177 178
141 147
35 38
135 129
45 52
32 39
146 145
157 154
70 72
132 133
121 118
13 18
186 192
85 86
170 167
103 106
3 2
103 109
42 39
129 130
181 185
28 23
113 119
26 33
40 38
164 171
89 85
10 9
84 82
102 95
8 3
138 134
98 94
167 163
27 29
187 184
143 142
188 193
74 67
93 97
38 41
106 113
154 159
73 79
98 99
71 76
152 158
177 174
136 137
5 4
68 66
11 14
65 69
23 20
52 56
81 78
123 121
67 61
61 59
125 131
24 30
154 161
125 123
14 15
94 101
102 107
134 128
4 1
191 194
180 182
148 144
1 6
27 32
140 144
108 115
43 44
183 184
96 92
164 161
39 45
30 34
74 77
97 100
25 20
55 58
3 9
183 186
172 169
8 12
189 185
183 190
76 83
171 176
165 163
194 195
114 116
7 2
109 111
47 41
27 25
138 140
141 139
169 168
70 69
63 60
159 163
168 163
152 146
50 44
22 17
128 127
24 20
43 42
