196
695926 112897 107817
11284 92958 912864
927609 313908 521329
437493 139532 323043
715912 146929 496618
195200 519240 330280
2334 984195 36284
50050 900089 712310
116257 930273 560790
646813 633208 458000
807069 329133 570898
914887 858917 663856
827750 786525 977764
349078 742518 635795
672122 458429 301223
687239 172128 820463
17518 174462 804657
572303 224512 223245
803112 859269 153517
882401 24580 786725
340400 831650 634358
911298 265035 11773
93653 611284 316798
589916 478861 59315
225711 669482 36243
45433 356720 208371
865897 892739 382833
189052 983541 125844
412297 786652 503612
84313 669052 528193
389538 9451 878342
542395 439249 661876
554168 532902 273159
870966 122817 270519
930281 867028 940002
485023 912462 296721
693394 296857 707959
594726 4408 691499
720570 935206 478150
742682 19518 665701
789374 927556 193652
667715 469950 151400
848090 24118 684302
121248 413583 325618
391767 862364 711146
850268 347386 142106
665489 40780 438963
373447 635506 961871
64946 874576 897076
61595 135756 435094
245796 925130 362649
439448 111343 351099
590848 959433 893717
793649 599180 307299
637766 990947 169662
348911 841215 35548
491017 25202 76328
448479 398649 230333
928850 982095 623408
825925 43690 277663
779518 289486 202792
142167 247433 832635
493266 356780 792067
386982 150428 391246
212780 306693 900693
900943 174104 260406
936491 665121 285608
531318 632100 684257
761651 560949 666352
903559 905373 228541
181221 684891 518027
902514 345557 283959
735148 357322 640739
527215 262803 309666
918461 475583 616359
337652 376525 790463
598058 831515 974084
883666 362832 124682
567923 642983 204130
752774 546541 109502
981315 727762 312892
17840 148774 176948
820299 883923 534270
461037 411137 797073
770703 848097 791156
905561 185749 686180
214523 302306 517695
188606 185972 880527
313288 272394 523509
35917 25167 588549
663919 524981 834811
976812 61320 983585
153759 881619 867507
206529 861155 797143
3601 631857 163739
794757 55916 867988
999437 270439 170293
517131 977545 874765
916157 809332 147158
958166 845249 690825
546714 509168 734305
900024 4478 795625
883609 158237 195742
269614 364766 56896
585257 886868 207252
267495 200123 263169
135482 199559 52107
824275 235189 29652
699040 151346 838984
846198 628011 684233
55522 693224 711900
789827 593248 716378
103951 995356 393114
299693 783469 276380
356590 887225 163247
82341 154719 881870
864010 808701 81429
916118 632976 835118
945770 332015 504963
303252 696712 132973
987485 752234 826198
217883 542061 937945
934261 646012 451799
327375 464204 235267
603755 339293 122492
285501 421635 795711
685870 285644 604412
285798 720261 237387
120916 184529 87901
625879 487782 784613
758853 993766 55346
103549 211649 597407
41493 145909 761918
11791 991784 744621
247058 114037 83914
888050 918038 24048
202260 603908 828192
806672 889706 548453
562558 10621 732982
650459 636501 220763
953571 913853 214529
8916 17401 426178
124822 577394 90586
405239 589185 600870
149860 354742 714907
233774 761292 632945
776322 963552 236852
604513 288722 645057
152965 851280 655679
404447 20237 810679
625210 492307 724531
358238 501224 260431
302915 144545 356324
912002 549785 945509
512871 699645 818750
227777 451918 580041
379221 746739 543592
134572 351251 832314
779630 22716 202092
435308 427163 740829
764486 570872 233136
7515 447610 252859
267946 750525 397404
624270 181025 465688
88277 693896 165332
907027 440173 135749
5567 819394 882488
67658 953967 752239
418472 252095 774955
620564 205902 720617
879893 970388 291488
113028 977903 257597
884387 245848 8122
281790 388617 707647
747479 995394 401543
431310 902420 841716
85559 426486 179608
486546 494145 652074
238784 912617 904169
532238 51679 110070
771354 931572 598957
581342 563099 576859
838939 447485 341206
365560 247775 729823
73207 513753 243715
474750 945063 664635
834965 549121 91120
14572 35667 585265
185146 792951 16380
89314 843689 68060
717885 615042 518131
316841 196383 81230
893701 35322 47214
753406 919382 294989
1728 992589 808742
245443 467338 272304
127 133
105 100
193 194
65 58
99 103
51 46
151 158
11 17
129 124
2 1
15 21
44 48
172 170
43 39
97 101
160 162
75 71
38 32
161 168
6 13
95 92
14 18
166 165
179 181
52 48
110 111
174 167
179 180
139 141
64 61
79 76
147 144
187 190
35 29
34 40
180 183
170 171
42 38
57 60
63 67
89 93
76 70
130 136
90 87
139 143
22 24
70 68
196 193
136 142
62 55
151 152
140 138
51 58
119 117
89 84
41 40
1 4
81 83
64 69
115 117
115 114
12 7
149 148
138 133
103 108
109 112
58 59
192 189
20 13
2 5
85 83
179 177
19 12
157 152
105 109
101 107
10 8
185 182
170 165
34 29
188 195
191 184
8 4
42 45
55 54
87 91
81 86
173 167
36 29
7 11
63 57
80 84
46 40
131 130
77 81
33 31
151 144
115 122
128 132
91 98
103 106
87 80
22 21
142 145
24 29
150 143
123 126
46 53
180 184
97 96
28 21
14 15
177 170
151 153
118 117
163 165
94 92
164 162
175 170
44 49
9 5
181 188
77 80
165 167
154 147
181 182
156 150
143 144
22 27
72 73
72 77
186 185
7 6
124 120
6 3
8 14
155 160
178 177
174 176
121 128
183 187
30 24
82 79
130 129
2 3
143 148
113 107
163 161
110 106
116 121
120 113
116 123
26 22
88 87
71 72
70 74
29 32
50 46
61 60
163 169
159 153
54 48
146 141
135 131
37 30
96 102
16 10
100 99
161 160
47 45
186 189
86 92
22 23
139 136
31 27
60 66
116 115
71 70
25 23
150 155
57 52
41 44
97 104
77 78
94 99
134 137
127 126
121 125
56 55
187 193
34 39
134 127
114 109
61 68
92 96
