980
451307 14540 389421
803774 263141 656195
138160 583300 28807
371124 495661 657258
808815 934640 121704
504946 662687 196695
29903 29370 541823
104152 164387 850602
586476 461313 570762
255471 345794 71763
132385 797101 604804
521807 119374 867945
696501 776034 969744
725309 147158 465405
901066 474472 918544
541270 497917 581230
737965 46319 129100
798287 668971 811987
167387 255446 791800
738149 29416 137593
328412 161802 453193
933216 202108 572567
319659 898609 867101
289403 142416 14258
273307 43482 7229
191850 584752 505146
773081 841216 551465
420680 639502 220435
232666 325388 994382
24465 63536 23797
680558 910448 704099
133751 843663 906207
706318 163322 804816
573418 452725 947232
106175 726032 509213
631904 436381 612464
137049 727961 453679
207013 148640 611680
945949 381307 937068
458829 924272 519104
482626 604830 429551
705225 738581 791714
611431 963398 955036
934746 55315 926260
400477 679990 652291
909690 311894 607171
522154 967443 335132
494332 174456 483772
624512 638904 383578
80078 97732 826350
117681 98857 431179
65732 804082 688259
857446 934013 170155
812481 868758 743970
738740 269234 423960
909530 178924 735854
516700 219577 703296
851832 232408 396251
854104 375419 35154
756181 455498 651386
582530 573179 750244
532208 638911 72824
738966 496356 6836
909122 827336 875595
653091 566075 663328
77050 475604 360751
331403 510804 98827
553199 362635 331236
467949 735238 706655
21603 491419 680652
672989 592448 772331
941732 124656 411241
533056 382121 426097
539892 291242 253432
933986 462833 338007
597314 58382 813611
958065 389786 324414
575392 461484 205549
906628 929433 459286
131781 469535 950705
812434 661024 61652
584764 602755 704808
514504 135810 86928
459100 194202 378171
712533 128187 841004
50539 244000 899386
382649 720565 807671
225563 295956 787654
949612 721083 235586
408897 852864 705121
878102 183796 366144
939754 287059 487399
644561 801564 623209
249988 260663 335910
146658 491695 464098
506161 60733 226597
405547 443383 947162
731717 187445 243117
37870 137056 964200
273456 64452 335563
497076 942554 519359
381720 400806 324918
869119 563866 126481
10826 813855 905644
346737 960513 915839
329334 466674 976572
555931 390720 938454
503093 640936 644398
264709 197305 781454
747409 470761 364406
601471 486337 825459
120829 868057 226265
445747 737175 308630
90727 748001 640984
514871 94737 119996
430709 942571 105169
925780 498502 14388
864234 520094 655324
508631 784803 852630
808585 50710 841890
691490 652181 328226
516948 291510 196282
261712 255756 451956
570343 864984 199957
729826 379854 813194
849822 329062 755765
954991 254841 772766
969379 119074 292859
143202 146205 77661
514331 473289 646872
874720 164778 299052
721446 681726 109061
436227 461938 364818
888184 32280 229801
606640 280605 128154
938333 130427 457216
694097 603917 712057
466862 91795 349631
759721 753497 14335
355882 267827 487624
521253 661046 170901
338804 382491 852627
447866 337218 314564
812684 225401 865344
560984 832041 145949
689138 770373 794876
146353 982970 917292
376909 968331 9086
726540 246551 762583
259374 120932 548909
746998 642185 728455
917899 980989 110945
289025 947354 448163
122088 278536 192063
505932 839520 542603
170380 47156 831476
965256 193509 814445
401046 570419 301274
410133 815458 547825
691215 74832 668757
240124 340329 829441
968579 776728 328929
598023 65752 276282
564686 706340 73318
756749 212271 912838
817852 382651 959995
649327 866406 672003
982271 267452 760921
283544 196084 94878
831370 887299 169710
18625 127422 28538
366566 614500 805266
695495 731023 389517
490276 295708 95857
563594 570956 826628
994932 388807 209279
473425 556633 594184
145427 538903 380135
424848 822448 576219
519726 172316 982018
207935 190941 627939
236473 76006 242439
41739 290000 491961
949756 780277 787669
45612 862370 877124
872241 375800 784431
600019 849225 341063
712702 513152 879967
92837 938000 220913
187555 457725 393229
688072 665660 102669
316011 902133 178676
76949 462371 468676
568910 412127 767452
875078 976239 148321
752201 366978 524121
55130 966997 891846
396194 198198 404997
794660 291035 342996
15572 997090 319220
927301 685162 503379
29969 519672 405511
208645 596621 386382
195821 684030 317008
963273 559107 811746
111593 829807 178724
635715 884938 664220
46059 799631 862418
451056 112789 671952
312551 646861 187541
150270 574161 872703
653649 122629 910874
577659 849775 507494
964041 45595 191523
799548 8867 269129
129793 120461 98935
308517 274675 502372
491236 320734 820502
353654 290289 451790
544105 602840 98650
731646 753110 191310
122847 925258 313940
33720 502916 163714
59713 985457 727809
769736 785004 736676
38864 914797 375636
656300 741813 168810
158671 233049 489544
497673 105202 298332
949463 649307 419671
48113 380953 691280
757923 503800 616537
590362 537521 119453
754076 115733 104909
481884 885470 408412
737060 924334 323209
112695 580633 583521
800006 257804 816570
289549 755477 921772
106381 704939 571079
526052 271551 952032
217332 29474 974331
352368 619836 30350
471821 892412 146084
576730 892795 31553
503642 629854 955887
826851 261049 55019
928871 61054 312823
745441 869103 68299
185711 493983 291737
275289 20035 563289
745820 755867 592763
720151 108234 731098
750501 580056 623509
415084 675285 34803
446637 178926 183156
921024 524276 444205
976043 453147 23758
288865 717087 411361
875664 421297 905344
167400 696587 443878
249188 442406 199744
841951 162556 307979
91548 431557 406534
233556 846641 600318
268359 293278 297744
970016 214301 340519
414220 708843 312165
956479 997708 29251
886339 391870 969049
791682 77769 665635
235560 326958 108040
953804 687408 270597
261782 778956 220653
186815 531012 67293
305633 799371 360571
603377 769386 93371
462395 702106 802214
774561 177083 318420
322311 63421 228789
291359 373602 306559
956994 609162 633517
65034 562966 320924
854131 343247 618380
74783 48562 149391
660576 354195 467261
539647 476071 755147
151517 938466 457252
472231 713026 152834
790651 553837 216255
537940 845196 589857
844499 320689 717519
996515 904223 798984
835938 276852 142230
454317 870135 190792
603708 530710 63486
70969 70356 539557
826116 740374 996523
801867 212604 228047
473200 521754 781884
207954 59693 145579
316310 422691 466268
33828 419205 888990
832812 255143 165841
493542 227959 35975
202833 350167 85184
266320 939636 674041
324376 284250 414414
320898 86116 627018
67445 77815 148771
849329 285769 208465
513407 602079 631156
498174 154407 568861
387163 987219 342503
553004 999260 570462
107478 202093 920629
192663 986913 860264
866704 829788 144513
799617 669186 749129
426634 736631 826944
575405 104458 112712
302369 617866 233291
452025 116039 387698
20885 503203 893416
881888 574706 892676
452349 682185 613268
891478 393347 600180
270240 778550 429967
933254 578166 99152
200881 4799 354282
27825 98703 458741
659037 401073 76606
410827 853098 192645
798525 392482 214347
691941 274369 307553
103115 245217 989738
716383 136694 901584
835062 925435 680133
783528 858688 776798
401180 59568 781597
755462 605893 398799
214202 783430 799872
809308 194256 171468
520453 992782 82449
734800 203221 356818
560852 306336 120535
550589 541218 257229
970672 894779 182663
650804 678306 559850
946101 79485 137918
727697 353447 743811
644996 86148 527240
963367 895457 239996
134835 934409 232777
735784 187707 954498
92602 748560 779333
213137 817648 320550
988866 788320 215328
690029 957623 412133
249878 903724 10118
906296 149919 363565
650107 794915 968213
695846 758282 382168
935842 411616 316576
168618 147399 504284
641615 758501 252843
420947 971638 70490
259996 479003 858810
993824 169031 816433
405957 937409 238655
934575 843705 388574
816639 12310 183489
784851 708156 460270
167019 643998 871886
483595 331115 537784
506378 972731 296285
759221 912177 786422
348211 690673 265424
725520 684496 952955
60451 608952 408863
299106 543526 771067
687681 360164 783377
389669 663515 10031
849939 830534 654029
240323 832628 503644
778107 339006 994874
592891 616726 425549
379313 964937 116221
163236 690457 319217
116191 750908 928169
43553 50014 990195
814620 256194 868858
116495 164362 532372
645026 14300 362905
817555 773123 714033
321198 69728 53038
316071 662620 669764
260119 560432 153200
376341 723668 843657
695558 358358 113063
142225 920411 681577
132419 253529 937771
519777 888524 102132
52148 533550 634932
933554 351104 926554
647586 672302 996283
219123 506872 177401
407386 766991 256332
560586 661831 498499
404242 357388 856858
517306 18113 295767
198882 669032 549297
655153 188808 437820
275784 240957 971370
429216 693010 322473
355769 859095 513274
870551 78217 538645
566451 485603 824136
822783 46189 485966
321282 968931 361854
696639 4735 379967
992406 722118 48998
541702 377270 756307
498022 653054 515763
469391 82269 208772
310364 956539 586366
342137 827089 664583
880783 912040 668685
223417 734822 233373
227882 574603 202304
589736 789741 725539
488202 300646 447656
55700 360847 824926
812007 858869 996480
846269 846760 597248
55040 157123 553786
159905 499260 899375
342987 898542 811414
11671 640458 64734
763545 868341 157837
484348 976576 466077
209886 464778 766723
657543 38977 646070
967 369483 504938
515946 215751 870197
113194 789291 27319
185479 949196 45079
603353 292182 462120
933266 822353 102578
516500 585897 970919
674337 588744 947494
658913 798631 930771
425636 974673 969748
590205 975640 857730
613642 491586 591980
483839 123279 381270
511158 827258 848965
74736 430611 141146
536857 882376 481999
639435 398875 586395
610353 591711 175139
76345 250624 492269
7116 194759 466941
495363 784964 961080
353093 398605 971165
945073 882444 94443
844843 912102 921702
693807 505337 870812
353453 42193 753187
353951 681628 670562
940346 810480 262272
115484 886826 512896
126252 412441 226154
593193 907804 11117
554273 779396 928223
525437 242968 329165
138380 606310 759766
578581 818616 265103
967892 172068 307296
239577 44518 507424
910139 984865 836403
690911 618848 241727
722306 745101 654168
948461 856793 80471
478077 411065 378366
406299 455002 139833
253964 111881 746143
13729 690462 564759
797332 658353 255326
104628 897930 818345
130551 326568 803209
966954 17478 940556
727181 739784 685656
381348 688244 542449
980319 684821 472013
877185 91119 445514
17017 863583 557395
281660 395812 766356
364918 193143 424708
138743 297771 841138
957088 946822 686205
278795 432275 703683
219351 159455 961966
423506 59302 168709
484454 558121 853530
474967 435305 463148
920481 970822 326731
996376 770981 722543
762731 135898 434185
705939 793142 731957
65575 268728 197277
751780 547524 629552
973962 285374 789007
935927 227379 848310
623135 711834 924930
476664 705300 360234
458312 625780 849555
303542 140654 620536
26084 903386 274933
460269 609324 68074
710725 674899 855303
908003 945178 921326
56053 919139 206699
845061 373564 434078
211869 996700 664411
136798 991863 369710
15531 450174 513990
865086 753716 173143
485621 298299 76528
279054 277068 204351
865628 987793 397749
720930 414294 342926
642255 988848 780564
367453 352407 154128
320031 82775 150827
984442 219573 661189
872652 753604 111363
905141 618689 865079
78283 622810 163378
673312 901864 958946
877663 767491 946738
275412 6920 879532
136837 649175 386878
917402 16628 739285
71529 336659 822060
740856 839600 560132
402044 230750 313735
31906 654390 450923
896986 732674 592232
578863 924485 12594
537808 802147 298585
3044 596058 305505
401075 732896 473179
787953 168796 8306
45736 240325 863465
867796 499680 703065
946427 420223 452314
778661 452130 106704
748084 867615 357877
858815 446477 282361
871410 502784 603007
688494 505828 199065
512498 425403 450460
985677 213355 619256
993984 777592 378080
375947 645387 396259
79011 110313 816482
49825 888974 268611
156529 637057 136225
32905 495872 101201
315266 885781 603985
918273 574274 628313
635837 86771 53715
86296 590947 785570
224051 103429 563161
602131 479377 727048
516889 76887 837361
333371 126712 726334
120481 801741 881891
775207 834646 377762
394907 149911 782042
998893 586684 356315
145704 222520 961586
199419 827317 552532
503488 51367 174461
66649 171998 653838
793697 688887 730725
149556 540757 857438
875890 661239 177677
276279 954945 12323
172540 349851 680734
954582 867243 267417
829396 12946 8437
309480 730865 835754
380512 234353 405620
554973 301002 96117
208810 613198 303504
458034 762754 844261
833971 157142 23998
11648 433422 978943
23971 124461 328794
704705 79043 714536
490622 426938 727483
499059 736419 458347
853312 116930 211199
777431 671903 30700
873549 399212 643898
177052 857246 925151
539812 691217 600793
563811 702865 552714
542753 245335 677175
390046 468539 274717
623082 959161 701656
350564 976719 438074
327410 348529 73503
538610 125960 745406
569310 518008 144617
731708 695060 520362
175357 234871 211578
776150 798682 432942
847363 859935 678277
43037 768480 665316
317754 391561 624476
537909 260624 119694
494482 588035 468223
567985 645144 594183
313390 732953 112190
976507 464660 325749
496869 158517 560621
226946 934667 877802
659889 300529 256235
856665 343566 543215
521980 179819 453275
664956 717729 713900
784650 212210 820434
252872 298695 984077
847056 612085 717029
477745 588592 700189
803495 603960 858706
882615 830906 311871
278915 9293 612400
535151 865959 474465
596865 906438 654285
50139 571393 890513
282538 356042 621222
102971 608915 919917
605547 974470 532002
322576 452214 639093
22764 255708 761552
881470 656822 592457
193340 935738 601751
324240 989388 986209
798705 586252 892646
452989 636391 464039
862001 437429 338580
483223 540400 947495
921639 145947 921964
972140 987023 892678
611232 9786 666885
891283 409755 323707
2239 121594 259444
603990 445834 248831
108697 244539 353582
1342 216027 508472
983881 596528 945901
322461 79750 4800
788455 1388 150747
228918 973529 656269
121595 103259 184554
306979 994543 594309
630686 996782 715903
408629 119270 680237
175959 746467 924776
529541 266308 659302
38013 768689 255829
983914 91149 854079
988714 398103 855468
657960 145520 347495
832728 785615 969254
17281 92594 482295
611590 723280 997576
845993 650409 635345
526229 826368 381811
969504 355909 648120
628805 912422 416808
403134 414834 26456
257212 403548 943059
631179 580007 88579
978674 412735 874194
466427 430016 966788
948722 560106 208567
946298 406098 858976
581642 450826 203842
963454 420329 78250
130072 567633 990672
546880 970767 405506
91835 227979 327553
34893 377657 907560
123472 356331 838794
997667 822758 268810
482953 289978 347415
691520 236275 272012
68994 817918 722838
791337 299870 661666
869587 429942 747798
378758 495321 237064
784264 587156 983543
630316 622049 361199
56374 264021 717530
895169 780187 58786
682478 263139 348765
548392 473159 103539
820404 60652 921457
61740 851989 739826
723406 240075 688267
989703 618833 183587
226766 921596 289242
210308 551911 429791
571508 126784 693812
807537 21952 992498
384823 222929 255636
733588 771321 247294
837127 591724 307947
277083 653464 678435
535408 895369 918510
223675 885072 55841
925762 630337 977437
215004 840646 47846
644795 930653 174631
857106 738189 196583
849603 123011 938013
623738 375098 709333
389532 730725 819557
697479 7807 473020
894413 543215 886889
331422 285389 290459
387263 211151 920796
364700 426155 279940
412546 589449 210592
587177 965054 467281
302260 333155 108791
240272 475392 483890
949605 864924 214614
769161 80901 740921
760681 975315 802635
166068 825236 606524
456527 212498 817675
895822 577198 762329
694262 508244 870277
904854 95420 835330
890634 397680 686984
999426 156451 162375
1814 624556 545799
734928 393716 145199
475848 672896 639013
796982 838964 464248
403505 813990 676747
221179 228311 253944
502007 922573 762188
372283 345925 376108
726112 236559 292287
413095 235984 448739
93970 756298 73294
158268 491225 985510
303467 967073 176905
942481 282553 534368
406728 686059 866858
83474 425737 95168
855919 927745 17740
136605 818527 363665
512713 544639 118723
323500 476233 354707
772239 570203 629504
364032 246970 120728
868041 550438 606300
44945 492918 888854
97813 418145 93411
964671 20119 519148
59838 876038 965392
596078 12642 302418
959743 43855 847057
78466 367355 323289
951673 658093 411992
581177 22124 177461
220404 890165 727899
826705 453610 739316
715558 551423 157461
327468 34592 177580
365115 94430 572117
330507 690508 103258
632925 168749 147113
998481 765715 32967
840269 235887 691060
770760 335563 231683
948222 555967 640348
676120 382671 93957
933936 616728 163879
91396 944196 198471
787476 309311 811401
359592 158317 20407
981350 309741 189156
128463 308221 473371
679930 666989 709258
370990 437749 563320
602673 385970 119286
761520 62089 20457
855477 996025 155684
537855 605920 618380
254825 911895 446190
66225 789986 123006
86632 771336 432747
794289 418298 259467
267659 98227 926456
495416 987717 364204
58735 590390 750174
696521 351909 330763
716978 725886 845287
391162 782240 969707
9541 37065 881601
974231 621790 671587
97236 226922 961422
529983 21210 379719
307949 288869 996446
234404 302784 984163
117108 361519 93051
867282 58039 444960
716544 293517 689345
561831 684679 990085
50036 212719 27149
931637 186949 167438
121722 802685 394360
601643 851167 415570
499861 159115 222938
496307 912019 525722
480469 29126 405740
573520 414908 463780
536979 649951 275796
744824 730281 478974
734908 780317 691693
280556 230453 397141
447994 352175 199825
360854 472318 50991
294923 972179 728606
517862 468485 640624
562083 467453 188250
967824 559472 603158
950103 96451 253108
744398 359774 983390
223371 613181 763706
915064 893737 512658
830704 860230 864834
30528 221083 855651
600019 516007 827829
328624 552368 814814
487747 114450 282266
675997 600773 841739
279154 69374 456689
50762 813772 816463
552651 555642 429643
316356 470705 841879
347514 819908 220607
212347 368935 441691
586497 968954 476197
414325 816077 28564
229138 303824 661514
511405 979821 780787
871643 777475 368660
328331 828237 700932
663293 380887 256573
611435 215742 245778
971813 563256 65685
192419 294102 434621
634110 880599 922074
628806 813424 256650
175869 42561 78973
355883 72465 58793
655169 944108 354767
23828 790938 701503
724760 972730 82389
499833 584164 816632
745611 555976 898387
329795 748396 710989
282915 901005 110086
204989 48310 923510
980139 224179 966072
59111 580062 557036
636404 235230 501144
991172 777559 810581
692674 20817 783311
293563 520650 885974
628694 784760 441950
527080 114555 708845
756568 397470 128348
866655 120958 176658
308663 101096 400838
793234 160207 499399
350270 796612 253129
369913 306282 30687
180493 998956 570004
482303 811018 90654
368277 439711 875414
328726 485291 508468
37570 760358 905939
165918 627012 26896
342577 935676 646493
261914 247408 325199
279812 597678 640310
532941 486090 946592
82127 666584 464047
652132 667386 275064
261285 35662 233275
655198 364388 718566
163666 920458 478923
69604 86376 624435
615000 947453 78609
261492 727866 326017
586692 7677 442195
745501 540619 928285
692093 141245 113367
156139 311876 780754
949703 573161 816416
182977 746859 699304
420042 429024 619761
417465 17127 224636
560399 632127 172088
639008 412119 899954
483524 517310 426131
925719 262810 485249
854004 473402 626494
967371 629541 938371
266623 97743 30030
601539 799220 295388
300842 219262 724412
920603 155226 741539
145239 715625 892166
835827 873132 304284
254280 356655 340093
680411 282374 602903
165659 654877 76305
310652 140746 224345
767522 407370 840588
316052 8908 639808
611440 828250 377569
854352 748852 51294
114389 412590 766919
6554 766917 640050
829338 21196 515204
169430 220106 316077
290833 385765 489453
885638 214916 630200
628482 500938 556069
469070 816990 83476
627377 946929 911726
4945 801280 179076
56239 915670 110166
341657 440723 877083
500206 270061 898279
15409 439491 118384
331487 248823 22648
339439 134460 756064
969639 762943 257001
44206 750512 73990
127682 377888 539419
557907 901333 859198
736984 957572 293366
365649 817728 734090
242731 317933 4150
659509 333342 962141
296392 183328 729464
319040 522768 863924
593603 10905 145365
850605 55112 895877
443094 701294 792264
982513 777701 693596
841711 514684 169666
135076 398832 987394
387665 641563 305326
910315 819571 157168
872456 115962 340496
601919 953502 381763
266 274
206 205
40 43
144 147
487 486
792 796
263 262
105 100
574 567
364 367
30 29
514 512
569 571
511 513
145 142
232 229
427 423
2 10
907 912
431 425
398 403
490 487
402 407
590 582
938 939
20 27
75 78
115 112
477 485
881 880
650 652
470 478
136 143
592 597
889 888
934 927
913 914
775 778
783 777
450 458
873 880
619 624
825 820
701 705
431 437
532 538
445 437
805 798
851 859
112 113
239 245
965 957
142 134
648 650
647 649
789 786
520 518
210 214
527 519
849 846
924 921
170 167
324 327
333 328
285 281
666 664
287 280
209 211
900 896
469 472
812 817
550 555
943 950
739 733
756 760
163 166
318 314
369 376
18 10
438 432
665 667
417 424
316 324
781 780
269 270
305 297
234 230
584 580
486 478
745 753
777 770
814 806
303 299
293 292
106 110
924 932
972 976
874 870
811 812
610 602
529 525
180 186
192 190
758 752
289 282
116 124
329 324
726 732
590 596
128 120
255 259
67 68
960 959
828 831
926 920
606 604
59 53
977 979
130 126
412 409
306 313
488 495
225 226
213 208
246 245
551 552
822 828
974 967
10 11
753 754
278 282
61 54
980 978
863 868
328 326
788 794
472 479
198 199
225 219
895 897
948 942
609 602
178 185
168 169
787 785
163 158
429 432
133 131
19 22
895 891
125 127
85 89
782 780
646 648
579 580
881 886
603 605
442 446
682 679
209 210
133 140
623 615
159 162
139 136
711 705
404 398
925 927
123 122
60 57
204 203
311 309
747 740
165 168
198 194
117 115
242 240
506 501
51 49
522 526
884 878
940 944
599 607
75 72
504 503
620 622
568 564
802 797
87 85
719 711
130 134
176 170
489 494
31 35
512 505
229 224
430 425
529 534
99 97
316 313
364 369
934 935
941 943
743 741
13 16
294 301
388 391
156 160
661 657
518 523
44 45
557 562
2 5
841 834
745 744
843 851
399 398
6 4
809 801
873 877
952 958
403 408
492 496
520 521
566 573
843 835
299 300
352 350
549 557
25 23
330 335
608 614
310 315
701 699
378 376
273 278
414 406
465 463
650 656
36 40
642 635
603 600
437 443
934 942
843 850
422 420
429 436
258 257
640 645
93 89
881 882
888 882
878 875
30 32
67 60
141 138
212 210
860 859
64 58
611 607
801 794
855 853
484 477
525 518
410 418
614 619
76 71
901 898
763 764
250 253
231 229
215 207
138 131
751 746
797 795
911 904
618 617
181 174
244 252
818 815
354 351
781 786
140 144
496 499
287 291
473 480
292 298
82 90
702 701
481 479
413 406
575 582
96 102
856 854
647 642
95 94
608 605
510 506
218 224
79 76
308 300
16 23
735 732
935 938
100 93
53 54
46 45
391 396
159 167
125 120
149 152
772 769
419 421
307 310
909 905
24 31
565 567
184 178
360 361
168 172
675 676
579 586
142 149
532 524
779 774
269 277
700 708
867 871
447 443
676 678
168 175
765 769
497 502
461 457
527 530
155 159
473 468
857 853
359 362
954 948
67 71
90 98
80 86
282 288
228 224
266 267
65 59
262 256
180 172
451 444
187 185
151 154
870 866
77 82
230 226
393 401
903 904
563 560
955 951
846 845
698 693
283 282
644 641
461 464
783 785
893 891
597 598
120 114
273 275
721 727
374 369
625 631
385 381
968 967
546 544
1 4
470 465
853 854
393 388
388 383
964 962
114 110
444 442
397 395
847 842
426 429
746 740
668 663
971 966
343 344
176 177
464 466
69 65
593 589
964 967
321 314
338 346
487 491
918 915
10 13
81 75
527 531
532 536
653 654
798 796
638 634
544 551
524 520
21 14
887 879
894 902
848 840
628 636
687 682
238 241
953 952
244 236
549 541
469 471
626 634
695 699
289 294
388 390
842 839
601 594
302 301
749 743
150 144
8 7
185 191
104 99
760 767
256 261
178 182
657 663
449 445
425 419
264 271
720 722
146 144
747 755
598 599
353 355
884 891
940 935
490 497
113 118
319 326
762 754
636 639
619 626
475 471
433 426
426 424
839 838
219 222
185 190
871 872
580 587
822 815
454 462
840 833
911 917
453 456
816 808
191 195
522 520
706 699
272 269
193 200
904 907
129 128
900 908
812 820
66 65
404 410
867 869
236 229
699 704
193 185
354 360
637 635
862 859
415 409
688 693
567 569
793 787
817 819
505 511
247 244
347 344
571 579
688 685
545 541
293 296
476 482
488 492
405 397
237 232
459 457
815 814
158 153
606 612
801 806
936 934
389 381
730 736
325 317
963 962
180 183
343 339
189 187
694 686
69 77
514 516
411 406
496 501
3 1
132 131
461 468
517 515
724 717
842 845
639 640
866 873
262 264
711 715
540 542
604 598
701 707
373 367
780 775
314 311
883 880
194 191
336 331
151 149
824 817
797 804
744 750
600 593
406 402
392 391
771 763
358 354
63 58
451 455
589 586
235 238
953 959
507 502
864 856
357 355
28 21
251 248
629 621
205 204
888 892
755 756
47 39
772 773
627 625
606 613
72 66
655 648
662 659
381 382
919 922
227 233
768 766
166 174
366 360
585 588
353 346
297 299
103 108
335 342
307 304
454 451
947 951
12 4
435 434
636 643
390 394
261 269
691 689
776 775
465 467
460 453
811 808
197 191
203 201
368 364
453 448
866 859
969 972
670 675
165 158
153 157
848 852
321 323
94 96
56 49
103 98
221 215
69 70
402 399
297 295
476 472
762 766
741 733
109 116
674 670
519 513
965 969
877 879
748 744
844 839
535 539
564 570
2 1
543 538
573 578
953 957
674 680
340 334
828 833
311 319
394 400
622 625
682 685
677 673
461 463
375 368
98 106
273 270
827 825
906 904
91 94
563 565
956 949
628 621
928 931
371 369
829 824
277 281
703 701
951 952
738 742
518 512
419 423
726 719
831 834
290 295
826 822
106 107
84 81
681 677
680 686
351 359
85 79
848 853
136 129
962 961
915 912
249 247
539 541
209 206
677 684
397 398
733 731
729 725
615 613
924 930
328 334
690 692
695 697
109 106
500 508
170 173
403 409
452 446
434 432
568 572
554 550
344 345
874 876
556 553
377 372
582 585
700 692
280 286
170 171
47 53
591 585
765 770
290 287
55 48
489 481
919 915
457 452
612 617
76 83
913 908
909 916
553 548
837 829
784 783
709 714
278 280
673 669
752 751
439 436
896 889
832 828
6 7
929 924
263 265
179 177
885 883
901 905
84 88
331 328
148 143
627 630
240 232
20 16
339 334
784 790
714 717
447 450
329 332
588 595
33 26
961 957
137 133
772 774
216 220
591 592
613 620
665 670
560 557
583 581
29 24
742 744
657 649
434 442
547 550
498 490
575 567
761 754
97 93
708 709
620 621
48 49
558 564
337 333
57 51
969 973
104 112
799 793
854 858
754 759
231 235
791 786
683 675
903 899
757 749
540 533
528 522
833 836
576 577
116 121
122 120
823 822
74 67
213 216
428 420
653 649
338 331
835 832
895 899
155 152
830 822
365 372
576 573
763 762
790 792
493 490
838 835
380 383
968 975
146 153
382 386
934 941
535 534
135 129
164 162
734 728
554 561
906 910
933 927
69 73
594 593
650 651
8 9
627 633
48 41
266 261
946 941
275 276
242 243
419 412
477 474
91 84
379 378
898 891
44 39
292 289
500 505
732 737
795 792
727 731
37 39
581 573
807 799
34 36
883 890
302 304
695 691
178 176
559 558
920 928
257 255
717 718
325 330
978 976
45 52
738 730
101 100
945 944
21 26
350 347
936 937
821 820
188 186
725 723
652 660
654 659
503 502
307 309
217 218
413 417
370 362
616 614
253 254
795 800
227 223
942 949
217 223
380 384
202 200
351 350
116 119
126 125
875 869
438 441
72 80
201 194
711 716
92 89
504 509
682 689
894 891
805 810
448 445
34 37
542 547
153 161
52 58
268 261
770 775
152 156
256 255
483 479
867 864
217 215
713 711
645 646
625 632
379 380
857 861
977 974
469 461
200 207
106 111
712 707
788 786
312 306
278 279
920 914
362 363
544 540
488 483
803 795
970 966
277 284
306 300
921 919
689 696
239 238
389 395
322 318
670 672
688 690
466 474
721 718
808 802
535 537
807 813
440 437
542 548
58 62
341 339
863 858
671 666
602 599
313 320
554 558
759 765
131 124
365 364
533 525
35 38
214 219
358 364
923 921
376 381
345 349
723 719
740 734
14 8
566 562
16 24
34 32
208 206
944 947
15 9
317 316
414 416
17 11
662 665
349 356
500 493
635 631
15 19
190 196
730 728
240 248
677 679
250 242
728 724
348 346
718 720
260 254
42 39
255 250
925 919
416 420
865 859
657 658
966 965
637 641
50 47
387 385
510 515
664 662
710 702
669 663
38 41
