980
968653 620035 473839
845410 860992 997439
555636 877913 752597
215104 615490 568010
475168 928938 988285
787800 541125 763269
442513 994968 276328
63754 250190 415024
593043 387451 195706
342485 187438 523463
628939 674590 661997
621277 519999 522988
618715 75635 919401
889811 290739 534890
976320 284406 982327
964604 590705 523452
246372 33217 36918
522700 96972 805608
456223 208514 193058
651929 550999 898997
693891 179937 573586
874387 801214 612085
915875 419928 687720
835275 828239 496958
888664 804558 781365
870990 287661 372069
912941 534033 923787
949859 575232 20758
755467 31454 747772
467024 201882 298770
366020 414272 478707
458106 288658 798420
588690 723032 736847
794909 76805 565085
291866 965469 888143
591730 354958 175803
482299 267898 228335
406085 217757 803567
945343 973224 353520
693114 958747 555402
510383 843267 969674
507589 819872 776831
306008 408561 18362
561354 203469 95167
644939 495335 60636
533081 605565 415594
227383 87863 201991
455718 493948 419748
777784 957790 911471
131303 169402 870218
686705 679785 231983
174877 187373 51854
470207 11880 460415
488569 573234 663884
102236 218172 677718
681372 751253 801782
615465 497135 889645
817456 952853 902092
237204 730636 859881
667174 861939 29282
55890 67142 227566
287873 760519 414939
339727 749226 945319
318641 756294 518553
501024 858530 255224
697242 539901 524977
499023 673865 22111
388668 491321 974965
809259 247024 224099
669140 914198 604538
216921 970089 190179
444488 776461 950699
377926 634688 218423
323245 953329 974717
841798 454353 833247
97021 670094 891647
140497 169116 565512
162609 76283 575332
656073 885543 822356
880172 554682 255052
3208 290102 743640
193388 734590 520101
662586 631016 154788
881009 954261 108116
374224 314557 80968
725970 930078 751062
136116 70575 438678
701628 233184 514961
795459 889257 400503
617814 287927 955185
391365 291136 763787
135005 3023 498376
655106 184108 129391
328393 583616 602151
955009 957840 916708
554477 683810 846786
305538 819926 917361
744216 40052 150544
259177 835511 558300
659680 971824 846227
133364 363188 655862
415650 16692 177384
914026 190297 361492
561917 518690 945108
682567 473699 421447
599275 28175 623756
446060 852213 962181
881920 114928 2232
550963 892605 356242
627762 552284 846565
992488 204147 728252
648350 619797 263444
344233 52322 453741
705726 132738 972432
169332 333804 964630
590779 933079 511304
733034 897638 363516
695214 298056 996944
215945 849019 889548
90686 476780 960332
455750 469268 682978
184002 636117 821275
447446 980350 392096
419686 204574 524834
392117 892407 377137
875246 483185 310216
386549 734719 726353
268565 429932 24409
265508 645878 391927
673556 255063 868708
633887 710814 856475
316864 413315 11090
138138 379260 509939
530234 798946 233013
573567 709563 125419
950705 584808 127103
779420 489857 861822
505772 758422 291754
48680 542429 456131
440608 215984 229693
309315 368370 940507
684289 203734 872321
213878 341872 251580
723817 390606 50526
956830 482672 760089
82248 433376 863396
209352 731295 353252
589673 755567 111673
881427 804247 172602
856057 244854 907086
85750 72668 275456
544756 756957 997690
417077 489334 339561
187156 213151 248666
237682 688480 731339
516270 289228 683214
379666 17079 414509
732918 606752 170075
363091 6678 974322
54192 381234 737676
961278 985484 810344
755233 48739 85800
752922 465816 575134
610983 652972 306784
859649 409154 513764
109486 443923 802992
792701 342088 338570
725709 75006 463821
414283 956597 470499
907104 10788 370233
644779 490565 355716
455123 764298 922955
540923 35718 388770
634556 165200 560242
941341 543349 487895
455104 652835 450317
776595 964035 792406
115164 208242 385911
578985 622525 342507
567984 48128 871795
456716 692907 880859
330931 666529 163655
253886 725951 717874
161155 360507 883074
721397 301847 944922
727791 275450 597757
178108 52044 80290
489013 685708 288533
874924 783192 429557
735930 869675 996185
607724 326390 689092
7081 657322 874120
689237 911208 600071
407110 72362 479077
808683 312259 299423
753605 558549 574873
869861 255156 145416
950151 744169 349623
757183 619092 132814
186740 355021 2489
182924 481244 847379
390515 6825 504700
783135 696062 934407
901705 621671 525269
380781 430353 356027
680204 183957 914576
773576 53817 169732
918992 522468 913901
268614 279650 51492
919928 984890 406513
440916 686314 406257
288295 595328 413082
792995 896962 627643
245901 798666 249313
771170 179446 679666
645696 378149 382123
560271 151724 954440
248502 589215 476907
680903 376328 275057
732395 296256 778446
657407 737172 983259
63663 25466 97086
476745 336961 994048
622887 101361 792714
872200 391030 972160
551866 36725 868809
452488 115495 20532
406927 363998 128247
402334 44900 504575
677391 295794 319330
974336 953201 575002
957595 16864 600468
54680 12108 455928
567227 634996 75788
359940 25694 466818
850600 577560 22042
719408 30047 137538
739940 955475 20035
386686 357808 64935
891262 553698 879229
210591 528033 832429
304092 4126 367792
904561 577306 379901
878988 144533 533396
473276 22972 559090
940094 873572 655150
962137 592979 203696
618174 851419 159170
638209 238104 35477
221643 647865 589175
100871 376956 635708
933300 681048 158333
819592 104107 254139
717992 501595 917172
251387 974871 940144
328976 433463 813716
502625 914099 925194
706322 532272 776612
383991 170480 533216
937969 910623 699580
527143 11493 76535
681350 463293 276083
358183 282884 380190
612322 875 881785
529493 770762 375154
469636 618237 808618
801851 120862 722716
727045 345683 254988
22155 248173 943968
555371 186141 854591
254951 231784 384583
849986 431633 366375
126068 789816 649259
24758 402137 168633
906543 450129 457894
800197 438265 76131
608814 240115 715493
850029 485659 579675
623516 507815 827848
567484 581685 532489
940574 355135 282772
843656 205121 714405
210031 849689 504221
377789 874447 424857
64922 299489 393486
522816 99685 831751
117446 226998 71865
351438 77026 76024
931113 700543 583839
277460 786526 684023
328448 245598 39158
611220 89253 762779
844124 817784 130966
348344 714073 5413
291701 778995 304902
685187 820310 923087
516937 937757 668584
107301 807694 745610
183325 257306 964652
285663 534766 269676
969687 381713 515274
527344 992933 123027
808622 837056 940811
939588 703900 654883
945001 514100 952377
768402 199286 772687
209987 234722 228942
878571 342023 36635
142680 43848 293941
625831 848011 347206
895508 336196 728919
410781 863540 240350
533808 190660 595906
993119 130248 818305
166500 593748 332404
118877 880650 50189
410063 90636 284911
639005 487707 145433
194139 148886 707781
6580 774717 555792
353786 670224 891988
601205 81005 274027
360054 133312 464687
474459 126430 113434
292763 811431 707183
143666 930308 587832
193855 340370 196967
997266 497874 684674
142699 692013 833560
850480 698593 126776
406271 570879 797000
816759 690583 396504
609285 50636 529817
73971 525096 174746
705906 336358 504676
413088 480025 434983
519419 192379 293852
716386 189645 310225
919560 332344 2238
271618 701323 219330
398394 626094 308708
713894 442852 999291
110397 570636 49927
158713 644607 93522
851960 350512 429880
356635 282099 909905
310118 801518 620784
603970 517904 810429
914196 955963 142772
434933 227580 362594
172762 144474 988688
481471 858368 950039
999261 968765 520674
49187 127478 683781
142709 497937 34292
91089 854572 834892
519493 683189 636409
140276 287159 672812
950705 719854 628774
611976 673286 374854
974571 364547 519328
481757 364517 377695
431796 363778 864959
952470 412965 510936
636250 74174 8872
189042 683763 381944
23933 203255 65132
178841 862032 870791
851654 812736 109143
998927 943212 782429
892280 436281 665476
411607 918038 29992
307801 349833 393770
172760 302303 325235
683696 457052 917909
211068 646094 601671
593012 670027 804926
176643 367368 185456
47434 219021 998193
156577 736447 459903
457506 628727 896184
122981 558833 332720
152973 385134 682554
546744 557894 503356
390478 760089 960408
308386 489656 125001
910057 82667 313527
233481 259311 680895
418938 825245 418415
935630 981822 673362
914032 439327 302088
810215 80807 379420
661434 233781 764554
343987 299024 840947
365842 208001 601036
844750 516387 90691
969751 944943 691859
801777 178423 469669
482672 115860 294913
901087 569989 795234
92947 484020 753061
395035 812734 833868
292955 474168 586148
57508 336654 403671
416955 220996 611672
17990 65745 646558
627181 553995 591500
837539 355771 288423
825707 356942 922783
639119 776529 492772
434353 869476 976792
705913 783011 308025
58279 75965 782193
644428 651973 637346
566598 68927 858342
696770 605417 442586
343327 751098 996581
453327 588636 870852
741750 414343 227793
664532 571961 4321
675803 6313 392297
171094 230725 175307
479119 289005 251272
779811 451932 421744
935656 18529 490672
793998 233798 96088
236583 95625 847186
751664 67451 954322
622515 809201 887164
368807 992232 459124
373129 186534 983938
283925 357628 214662
459232 355246 503667
229003 135056 955599
650747 589211 492628
659918 383208 244925
756007 138291 340550
121691 889955 408001
594512 30968 735701
481675 399775 246432
459299 772904 951466
961736 575328 309093
176397 34559 664339
198564 263562 317894
672662 432809 907105
683789 92726 808813
928715 367232 947104
787764 488924 355557
714265 601935 386525
968465 602110 786300
733396 579908 77703
684861 541643 653031
512453 236539 687591
176791 435103 469652
13184 626265 420960
438789 310053 513687
247601 757267 880919
713204 545031 888342
68760 777795 8776
973785 746259 610886
760084 998155 190793
837787 683015 732436
9317 195468 968975
215407 890759 922578
685059 903944 548842
624519 861232 377394
138205 108832 134661
537623 340535 679692
944465 927795 457486
953241 901579 722244
564126 661662 720398
273418 17948 921913
524353 545765 635880
11826 761172 526638
934404 964730 949081
1744 589248 810312
379139 727453 437643
513800 783576 778178
711991 728040 224471
687976 681280 126049
928719 763905 306211
167616 555822 842659
89528 80174 388423
725408 92000 149594
770545 544904 632823
719626 65147 222071
48436 444286 468023
486080 476585 251598
782757 188575 498137
7228 395050 697916
651777 323769 980320
957988 491385 536141
319145 99412 616315
707568 824820 226815
375661 595364 290218
8484 833489 355365
749055 881926 799652
217077 368005 794736
987176 669261 501811
485312 676489 896861
183228 846766 739129
163547 804753 749013
218188 123898 848425
353002 349965 191743
579817 244126 305607
870035 771110 139095
225400 520164 21020
543551 255740 907525
338286 242915 95285
840097 246727 290273
255457 948455 137038
994586 630501 460291
743599 848689 584189
110522 201691 452653
302266 781508 696779
607873 170042 986388
265467 913942 506551
286488 457492 280791
712512 314277 42205
807797 672874 288932
98070 928331 237386
753608 441415 867888
213898 703513 235075
798087 814036 436766
769240 116301 736774
984518 242673 425315
970906 508140 339256
995956 313127 315247
795246 544139 148023
837452 351935 820897
126383 968505 267726
882270 722113 227641
268656 936011 931154
22230 252597 263688
458997 540336 898489
714270 524853 141161
139584 14257 167801
997340 528713 480928
831086 323958 25066
979109 161409 895502
318505 806293 382505
104730 207061 104617
332371 994217 559128
782025 16446 330224
45712 993943 870560
462701 708212 913912
603862 366295 928170
771663 882134 975382
771091 713219 299339
314656 692328 979249
210157 529332 304040
592663 634062 511101
215779 484933 23816
293406 266957 40262
623630 831169 34205
494189 293869 260916
926601 416231 627212
854770 706393 509345
830151 477483 741064
647989 792140 951891
627237 520796 481222
931277 631958 115283
960877 366237 600216
984693 659643 385672
543455 801773 216841
577660 814461 29209
357075 741061 445440
984287 595830 670333
12131 944480 147815
753195 110968 458454
223584 738205 979251
704806 187981 129707
338588 667357 495944
457304 170549 674087
842976 714004 475859
578316 810163 290319
126025 685737 31380
89964 670024 145709
760297 200654 608689
908113 472348 719657
885066 695932 976361
382815 919237 164341
512523 257824 350198
526966 715128 39246
201052 558104 753250
676911 654919 81911
967231 780944 767648
998611 870909 956171
662819 631205 675324
271507 57816 666171
991164 942883 880602
486024 844197 799838
168864 356719 57662
519062 883686 772790
558308 84737 849393
830057 280148 22811
430467 247378 803755
716615 764488 193162
672785 945806 824368
866609 217313 400683
532779 726976 343565
413381 212999 187762
213218 381864 62980
789380 419425 465165
80669 496233 68402
448561 326289 348550
471372 275256 595928
275127 991871 878915
986789 664655 824720
811156 49762 560532
211839 582542 287508
73903 514422 19006
780165 246139 919370
843146 35519 338795
308310 634688 835028
895212 83248 679816
243761 554621 955072
358188 348247 465441
237102 335035 130096
580322 664691 698358
140853 395029 280899
946861 468932 795321
965868 767597 559960
403736 610742 595479
742531 437551 230166
96057 332763 831914
294373 95023 905034
767944 453212 771780
233385 208813 625315
881981 789135 290005
580338 448488 685034
379737 395348 672465
693557 879715 440061
253516 283451 569302
367494 544481 525353
116159 159038 376615
948074 971911 471638
853107 258353 924850
624887 491738 652163
250201 892218 959797
58705 991056 408284
262238 370792 322132
453202 64348 720346
893264 836365 522296
981065 203858 585277
506417 320018 744315
883032 268091 234724
354670 639697 493077
798019 783083 503315
968681 551783 395532
928478 610488 905087
855261 391225 275878
695892 844428 858727
416238 256190 695091
457033 237254 898949
42309 743672 737466
786624 145202 524056
539847 18371 163753
32924 334890 465335
536239 303570 17118
450270 750547 146105
355357 605808 55830
149734 820199 900258
8460 236436 156447
222050 693470 912201
639499 735779 174371
376964 40902 319574
901021 580749 337945
583273 132172 672835
567107 186910 494905
102724 637181 245451
248830 511037 369758
823160 660771 189957
241916 187731 944893
398363 409781 156861
829063 49279 411140
3434 944744 970542
841508 364263 551290
697952 947536 201962
889287 514642 388872
384191 617367 544552
148141 384696 574088
517900 726355 234859
226356 968271 422590
171248 885133 350870
328110 714195 918650
739250 236128 863393
228290 77635 227655
298079 775588 693690
500041 664874 726831
407413 567564 862697
951965 715705 765892
526053 233604 492246
279411 459960 460516
220500 149708 345648
89869 996318 59843
8518 254066 295971
390410 482356 892107
618065 780435 667694
830254 280476 851067
557085 687889 418630
419781 158352 134334
185673 202904 886439
677919 482315 864898
138435 221314 14605
2582 311184 529422
62425 319702 783488
876897 710113 265843
769003 846677 46278
955196 676931 326754
806262 752515 533142
224891 172295 691494
877725 876468 412898
282662 72886 895213
147560 729821 635027
680665 732403 946211
210087 313328 265912
993575 190224 494524
777918 959227 341201
824196 432921 536631
669449 239182 289145
202590 982573 979940
412583 860297 856408
825481 661459 447793
239193 327518 177613
874220 8182 910016
820430 736769 223343
604841 248843 932067
617865 26760 409792
959066 369455 842713
14195 38903 81894
821840 241493 582966
801779 172575 443263
176685 516556 623221
624478 274248 950739
802091 148467 958921
230606 487396 214189
972449 610736 981532
904516 228600 8291
314307 706165 896246
157020 720360 935149
757414 542199 695141
340380 862478 867716
302142 39162 902771
925363 182140 177018
876101 502730 325485
353520 733336 331380
86208 224284 942117
67739 128799 689216
594530 961606 395381
490775 637125 634240
944423 394539 694939
639563 253418 75915
25778 555560 115077
928549 999422 815717
105567 394021 318447
949552 266040 570282
799432 352249 794566
260047 938488 441864
949263 51517 403470
863143 542292 40594
15882 5214 953633
710821 644777 207050
305235 670555 281109
420312 117603 280530
754529 223170 193050
72975 691221 459091
161756 490652 811340
474822 750699 268326
916686 218461 319843
320155 81603 380635
879250 97485 385849
832882 326805 30625
39932 632040 219680
839541 570852 337283
638571 325380 78952
831621 916855 770173
290711 597110 779325
620550 71931 530023
888877 988618 266983
208719 827272 348587
589354 706521 964572
975203 539403 809877
524328 97834 441916
262507 455874 531267
599790 94444 375146
197241 926066 810500
967414 216776 407610
265237 837327 479541
313760 244702 986658
580743 453421 813930
447829 561275 38949
412401 54976 96851
222277 579304 713185
182692 841811 169059
232459 960100 263503
607605 157340 189568
418105 643254 406345
344214 908491 762171
342254 740750 6872
847412 321493 978793
661341 769322 540067
218789 700222 595044
315641 922499 692847
28825 623691 53157
197884 856150 13256
461388 982254 689097
650956 918858 332350
575800 263071 759340
856470 123825 500090
381841 971237 821583
360634 632577 109403
900701 369865 809626
14243 685506 250623
707091 714332 392813
760248 430715 248962
292003 892103 231216
981100 61558 150073
831949 155857 931645
591289 530827 55469
609878 912668 26705
949960 273301 177781
59362 692502 547646
387487 706745 751652
156610 932335 465983
549423 211081 896698
798386 503085 307300
548101 484184 368858
216673 316133 43214
148317 425921 574041
722286 35798 486709
267490 985758 278509
445271 563619 489510
511417 951107 714755
263068 107716 647089
247550 657139 858171
144247 974024 879755
451547 40623 882438
338904 257297 717070
900619 924114 142990
474659 646400 697288
479867 913890 683045
276876 877661 246664
766386 389077 716270
481140 170644 823986
128229 418194 999624
504899 80940 492147
903153 50987 532770
785590 908391 790067
502660 809009 714181
645650 802168 879080
342938 282034 792969
544482 558910 670629
309645 843796 578205
25914 324935 267348
368399 971664 685542
368023 995062 766483
860170 898214 335969
392939 683804 244359
701506 186463 53368
934186 350612 374035
813265 212049 656069
606233 275031 733479
795362 584676 577274
892066 610591 420708
159414 978990 392372
844956 865512 387433
129937 244180 285647
465906 155619 487950
228765 857125 192912
800633 791310 62023
174667 123073 274073
349235 729306 549104
82713 43166 133779
178486 935233 262869
599195 94646 760359
991567 458101 144369
897499 588039 388550
701645 572444 544169
189594 319708 919793
901006 120340 229601
963030 295007 352674
237102 644243 600479
304705 245455 643646
956984 423942 578878
738353 23136 673524
498711 533202 131624
643080 430700 238162
550129 650845 329106
94297 840439 648814
532589 741445 769155
762190 222973 582661
633363 978575 226903
233842 283279 990859
877488 758762 414800
974865 497114 956436
648388 514324 8136
298511 157404 438836
55173 707533 89680
384279 320330 448619
33092 371418 708563
802247 652108 931536
384908 285470 910110
130310 37811 711888
121168 915299 989149
54467 890163 486263
529402 57049 586
537538 874061 676490
494874 929234 902523
103053 313512 741352
551672 865104 112769
778734 667351 764877
228768 570758 568847
657377 219567 606658
369264 859236 40456
358413 432202 930619
363175 961605 506168
363761 499142 380228
558751 512515 827961
461273 615569 659972
202624 685740 525075
833893 464474 710925
598770 693242 281682
686116 350619 19749
292773 238382 878985
333229 115294 829686
782348 478469 791290
807015 360730 808932
705742 919481 321446
533702 380753 455514
193673 101876 141254
237247 935769 605728
948173 53037 817469
748354 739153 168087
768103 550426 924970
165586 402154 40263
995273 184501 37232
305061 510015 397962
632492 215756 835942
472438 749458 735194
927952 461630 837070
69205 698878 291337
674933 165549 344375
492402 913903 602027
178988 200505 152452
103957 366091 73106
662721 879863 257607
699953 703424 286122
616414 335915 501878
452355 808353 769836
187548 736305 749965
543117 324009 967342
834454 998943 132890
697328 9843 46793
299355 707331 765798
970307 329788 131888
43412 511008 530251
819520 210960 233674
105641 345873 88088
607519 798228 896442
895854 504275 151245
645819 565891 475254
613160 400344 992696
746051 97672 521038
311343 915527 228369
77140 404332 76656
727528 966245 587664
776278 785764 317123
9951 409904 662996
98040 535922 979723
512981 431776 483997
664226 77594 49887
139479 209253 968731
650675 473803 584902
171712 785146 18927
918581 380785 423260
995237 626813 389504
101399 403090 693767
418522 413042 103670
81517 29581 639592
28 23
234 229
273 267
25 23
762 766
646 648
804 810
555 559
453 454
781 776
168 169
600 608
383 386
682 680
708 700
405 412
437 429
650 658
690 689
676 683
760 767
68 63
663 671
261 253
168 173
939 942
394 390
44 41
374 371
773 780
433 440
670 664
13 7
366 369
1 6
465 469
774 776
895 902
557 563
649 648
544 536
302 301
971 969
828 821
588 594
403 404
406 404
382 379
792 800
270 274
516 524
829 832
32 36
597 598
216 221
606 611
420 427
15 12
211 206
853 845
420 417
609 617
961 965
818 817
93 96
820 821
373 365
888 892
3 11
915 914
742 735
530 526
438 442
210 213
86 87
313 314
765 770
102 103
878 881
867 873
432 436
618 620
936 933
875 883
586 592
263 257
481 486
572 574
417 419
60 66
53 51
518 511
749 750
969 973
736 741
832 837
238 240
796 788
630 634
877 869
480 474
829 835
254 256
317 314
798 803
16 14
382 387
789 785
669 663
634 638
570 566
968 967
481 488
956 959
106 113
310 318
112 108
86 92
336 342
879 871
694 695
316 312
58 57
43 48
172 168
949 948
830 834
615 622
711 710
424 422
895 887
338 345
354 347
628 625
476 472
452 445
270 275
159 155
33 37
17 12
868 864
75 80
694 693
934 927
105 111
74 66
55 48
48 52
956 950
188 181
739 732
652 660
659 656
487 492
659 661
936 939
413 416
154 152
911 919
407 400
804 806
2 1
827 821
133 128
191 186
804 805
796 798
704 697
932 937
403 400
64 58
700 699
693 692
368 370
772 767
521 519
138 134
777 779
202 198
288 289
624 626
678 670
922 929
343 338
536 533
124 120
621 616
532 524
843 847
930 933
332 334
89 97
402 394
102 95
801 794
300 303
307 311
143 142
18 26
636 644
953 958
247 242
196 190
714 707
83 82
313 321
636 628
708 716
897 891
212 217
453 457
195 187
840 838
874 873
1 5
100 94
886 894
871 865
118 125
38 42
889 885
57 51
345 346
447 445
505 513
266 262
366 364
479 482
554 560
903 898
293 296
685 680
361 365
515 517
739 740
777 769
161 167
751 748
120 113
485 481
729 734
734 738
205 206
462 459
928 923
548 549
402 408
844 841
237 242
701 697
359 356
756 753
388 395
392 391
780 786
858 865
548 551
715 721
189 181
638 646
850 845
279 275
23 19
178 181
93 91
117 118
94 92
428 434
762 757
350 348
550 545
911 903
421 420
147 153
918 917
154 162
565 566
209 205
62 54
851 852
592 599
810 813
626 629
78 81
177 169
769 773
232 231
602 600
299 306
402 405
860 855
914 922
253 247
471 464
383 390
121 118
543 536
450 446
414 408
763 768
505 508
755 757
160 165
782 777
283 284
927 924
575 571
332 330
647 651
274 280
484 477
790 789
722 729
736 729
322 316
453 446
469 472
2 9
801 804
269 276
462 467
824 829
752 755
629 633
662 654
782 784
680 679
651 657
642 647
642 643
815 820
66 67
377 384
960 967
107 114
214 210
582 579
8 7
830 836
239 244
161 166
771 765
625 620
301 308
205 203
72 73
175 178
3 1
914 906
20 21
426 423
722 717
463 470
763 765
325 318
664 658
46 49
192 194
301 294
277 282
74 79
960 961
639 631
577 573
860 864
60 52
294 299
35 43
542 545
853 858
224 226
885 893
802 800
875 873
497 491
317 319
193 192
500 498
45 37
920 926
38 30
830 827
339 347
154 155
866 860
912 905
171 165
859 854
556 557
728 727
597 601
409 411
151 145
977 976
281 277
842 836
344 352
425 419
503 498
917 920
72 69
110 102
799 794
389 386
134 135
30 35
174 167
872 878
435 432
573 572
487 491
493 499
132 136
651 655
397 399
391 390
625 631
177 180
673 674
472 475
677 676
161 164
340 344
900 908
941 940
862 870
910 905
950 943
443 437
526 524
135 140
109 107
516 522
107 104
970 976
222 219
763 760
204 198
182 179
691 698
442 446
733 725
419 422
454 455
601 609
732 729
872 864
612 619
838 836
180 185
816 817
631 635
740 748
27 29
848 854
221 223
972 975
699 692
378 372
815 816
239 246
267 265
285 284
824 817
583 585
735 734
841 849
56 52
853 861
744 736
572 568
676 671
213 219
656 663
737 734
634 640
587 586
788 787
446 451
484 489
769 761
586 588
819 822
237 231
567 560
373 377
823 815
580 575
439 437
595 593
12 6
533 541
460 468
609 614
423 419
292 284
444 436
127 120
958 963
25 33
323 330
503 505
341 333
208 215
973 974
513 520
561 557
946 938
69 63
326 319
464 462
134 139
65 70
236 230
941 944
795 792
220 215
686 683
287 291
229 230
845 851
129 134
282 288
108 107
848 855
388 380
246 249
879 887
93 98
251 258
450 458
244 252
200 203
665 661
562 557
752 758
759 755
141 148
600 597
794 790
554 547
282 290
731 729
264 260
460 455
441 434
75 78
328 335
63 62
168 167
970 968
884 882
473 471
128 121
505 509
122 117
529 523
221 229
474 469
707 704
413 412
555 552
91 95
99 91
133 137
362 360
935 943
789 797
945 943
807 802
115 114
669 672
672 675
828 833
664 666
433 432
4 10
774 778
379 383
667 661
972 964
969 962
688 691
953 955
609 613
481 480
490 494
216 208
490 487
498 494
607 606
567 571
141 137
930 926
513 516
966 963
615 623
847 848
250 247
333 326
604 599
947 948
876 869
432 429
612 609
856 850
907 901
760 759
303 310
328 323
10 14
538 535
373 381
317 324
274 277
155 157
552 549
717 719
960 964
448 446
371 365
710 709
568 566
75 76
351 357
445 443
694 697
487 493
978 975
71 63
294 292
533 532
220 225
770 775
229 231
645 643
552 556
507 499
804 809
209 210
544 547
571 579
147 142
883 891
856 857
353 346
340 339
677 681
409 401
689 687
886 879
487 483
436 438
126 131
913 911
699 703
174 179
605 601
718 726
603 596
747 740
980 978
543 548
34 33
496 490
898 897
24 31
54 48
4 7
229 233
190 189
880 872
739 745
207 203
641 636
304 307
200 201
520 528
372 379
899 906
637 631
535 531
224 219
376 370
347 348
251 257
688 685
707 715
517 519
938 934
668 666
615 607
255 262
124 130
703 709
498 506
581 578
521 527
46 43
61 55
20 24
331 323
235 243
910 917
111 117
617 618
309 313
249 251
897 905
298 293
81 85
64 65
534 539
924 919
627 623
278 283
264 272
754 752
476 477
939 940
905 909
753 761
705 698
504 500
90 91
270 268
743 741
962 957
398 391
358 364
591 596
39 35
410 404
268 266
932 924
144 142
752 747
218 214
590 597
75 69
15 20
229 235
287 284
925 917
88 90
119 115
372 369
155 161
473 479
443 449
286 293
529 531
464 465
105 98
101 99
531 537
299 304
167 170
361 354
558 550
845 844
315 310
139 142
859 862
953 954
367 366
950 957
255 250
336 337
946 952
86 78
684 677
455 463
392 400
392 393
890 896
349 348
227 224
124 129
882 877
616 611
1 4
460 461
150 149
358 350
238 236
385 383
327 325
400 401
193 199
711 712
583 575
392 397
646 652
22 19
648 656
59 58
953 946
348 355
254 259
916 911
825 818
186 185
499 501
77 74
278 277
284 286
808 807
75 82
417 416
336 338
297 300
839 832
939 947
146 144
717 715
144 145
624 617
917 923
308 312
187 182
163 158
569 565
783 780
723 716
865 867
250 254
687 681
745 746
728 730
931 929
132 126
47 42
25 30
826 823
261 265
32 30
700 706
791 790
356 350
901 900
691 696
812 810
817 819
376 380
368 363
241 239
972 979
717 724
118 123
101 104
511 510
197 190
811 803
329 325
263 269
839 846
431 428
192 186
243 248
483 478
451 459
642 637
544 546
885 888
18 10
583 586
295 291
863 855
451 456
900 895
719 725
650 654
882 885
359 360
579 584
960 955
416 418
540 538
502 497
811 815
814 811
175 169
212 205
323 320
778 785
935 928
478 473
88 86
542 536
576 572
146 149
787 782
301 305
550 553
183 184
200 193
231 239
495 488
788 792
586 589
523 525
885 890
948 951
27 25
718 712
84 79
787 793
116 113
839 843
511 515
466 463
512 507
351 347
724 727
150 158
198 192
208 206
183 175
391 396
317 320
673 679
604 606
16 19
428 425
49 51
767 774
591 593
572 578
591 583
534 527
749 742
628 630
126 118
831 824
271 267
716 720
519 523
692 688
764 756
35 41
841 833
609 610
337 339
147 152
560 564
505 510
753 747
37 40
916 921
653 650
710 713
509 514
156 151
429 430
415 409
245 244
291 297
368 375
861 869
99 106
565 561
650 646
333 336
360 363
897 904
176 170
590 585
260 254
897 899
225 228
632 625
42 50
702 695
160 153
88 89
309 301
427 429
670 673
