980
761375 345096 362505
157107 582750 537401
999959 121023 723057
774005 239181 308744
243563 747452 379523
857520 888711 918313
88359 964895 391849
524547 170706 196595
468303 488455 424200
151471 407194 727180
537879 168568 590775
900385 325675 173524
956285 844134 813047
197840 136637 52227
506585 380200 318178
886108 756219 206889
322919 844578 690283
714768 369125 860989
429862 355927 867943
854063 507398 275136
99741 563777 443705
690516 464161 287879
382539 420445 132012
195585 618285 268650
766313 643369 167349
84490 47975 923569
809879 370895 768146
500162 604162 655770
879650 34024 11696
747593 406586 37594
22728 24826 601371
984933 715342 584031
791312 616380 522975
923324 330464 659759
710473 96776 303128
396322 699767 351103
319890 509645 240497
606535 528306 363159
262305 407956 915683
792501 674048 322268
348594 696776 347094
468464 200208 580935
52494 991520 197314
575469 433342 527778
235228 662315 143054
56855 58636 842821
926458 897026 870965
166955 503560 917771
48613 284364 844226
964296 76865 518273
286563 943959 733548
152156 412423 933756
251590 464917 925275
967404 558886 877117
13680 312613 539431
156734 369468 598067
518054 814425 13591
907519 499879 517151
825289 548492 320015
669514 512787 915380
187786 317849 859338
439833 988505 271760
373589 240094 255177
817363 207497 814063
694479 221178 645175
233909 896412 14642
350475 414466 347566
364066 321984 847446
399717 665772 395937
238231 335285 908725
153610 41570 226573
531447 481403 215078
803208 373491 973672
576884 190854 181169
390946 403832 920847
36120 156241 335757
569262 506716 750223
916828 389282 590706
282772 307498 256477
678710 545729 110261
587434 217838 670331
332506 749285 670234
66083 552492 562224
39755 129375 271577
739424 38820 675410
178769 593440 831651
514526 681201 856866
783249 116528 764647
373954 399300 72144
148931 78009 136372
777692 183942 354210
966523 516449 103495
636756 101031 174486
198979 140786 822362
470557 398709 861182
664466 577478 973122
14615 610504 172821
871481 393752 289349
154627 286205 207149
745271 435136 285158
881644 731328 987601
754353 697850 22548
376347 334605 123579
550834 52083 264366
373195 41139 181574
752876 705605 759053
244496 720220 369556
417318 110200 281807
706667 264827 568012
432315 528597 521648
235973 928740 252975
223573 683093 469324
246121 59439 322428
369700 128772 374511
152565 501967 415651
334140 773343 639755
611692 17838 359975
499747 435156 470175
781554 660323 253501
868065 92637 300597
389712 328610 229337
161186 70682 430929
630510 316803 8867
471437 205003 137640
845949 876068 158106
780099 210207 931449
419853 340398 949288
298327 840145 384443
287001 140197 44765
59001 8262 655903
359599 916474 984513
107435 596160 573695
538364 745169 890498
65730 216606 614000
203370 62554 490068
361477 361152 218774
811425 299504 559173
760712 597832 917817
663655 884833 576514
708420 943835 103275
882822 821933 19748
385834 929368 134407
959529 986231 879577
368525 51960 96182
982526 773831 677236
991093 135307 38387
209866 465231 337891
769039 225943 935723
205355 889598 339055
781869 116516 801389
885144 999339 623321
423391 903672 71187
557799 863200 57417
437375 231724 627877
533557 732749 401707
210792 723841 55513
767679 933708 520745
105569 221245 746688
559792 945100 154784
417346 726968 789800
218734 130610 307637
360554 554002 211308
950241 630300 593007
526157 67674 824732
154033 119730 75979
555741 849022 799821
129753 616700 252027
650498 240768 991772
915685 319059 936872
70468 736405 663839
378768 955139 312949
686405 834192 866951
897714 784432 497250
490720 310588 83423
833951 983122 721653
909931 57361 570674
228250 187114 705873
998777 837613 465140
990548 271796 784200
927419 860765 520604
109757 239532 994243
422706 444436 828434
808156 342149 131365
823905 351369 960453
907328 703819 943574
147479 132248 934
236652 878998 706549
461024 877774 62660
926164 868322 334456
710363 795740 195220
749467 423996 953252
743709 846702 397688
90641 654857 258336
740506 997261 609705
700959 423087 832024
163031 570566 482771
682466 807218 361769
389014 268241 758042
451674 712905 626363
786130 423267 940603
499850 691233 364598
453101 953441 729800
850789 44082 903156
109125 303087 900417
237329 4045 323503
587852 685577 412569
70623 368042 219786
950892 757056 6527
708933 208729 719432
335296 513358 661198
794398 13207 352431
677495 984809 305871
925794 835597 868453
828950 463221 171540
247865 700551 694085
89867 806902 379661
502436 877525 747703
240722 346915 504758
247249 55848 231986
966681 909644 263844
146377 222540 795551
498808 900035 780359
804680 825829 134455
191631 173277 116175
363171 421142 335225
57256 29508 142127
436917 531945 538151
703120 772667 885067
207877 19915 940915
958364 505095 369057
222207 651472 591597
17757 668780 10130
316616 991959 835959
451071 183589 527735
85745 65260 467376
420971 122516 496885
563098 77932 28829
101248 781052 801496
986315 507429 339910
445728 465792 363504
814785 206498 533475
924881 742755 202254
935012 59370 194212
289469 28940 896302
817205 114686 961562
284580 535657 602577
781465 98754 199008
328793 718502 980061
648788 704817 5988
988698 669044 990280
870701 2328 196777
404176 927209 939532
606430 862220 517402
319142 151689 546342
215443 487393 179527
695504 290472 715184
298080 590437 332437
497088 919230 50939
995648 568018 274255
520135 75214 943299
510414 464415 945627
707191 868591 391335
165222 475020 253554
682624 312661 923743
228965 528104 411135
408493 742107 701608
642176 40186 292044
493113 55774 729773
544052 569921 816290
336806 90056 410004
798604 600470 874419
744231 307661 743009
654065 472883 736528
907619 155506 49189
349861 902971 95792
760996 829963 837900
981103 990639 396585
791646 483751 452359
521419 546302 22280
856208 883108 112336
266211 681711 712806
140629 944441 538966
883638 598505 530348
620166 24623 204353
187854 374484 625824
283646 653979 455786
640045 153581 446424
36630 945227 448674
488989 985145 994976
29768 841353 878083
142104 107563 78293
373410 248193 22733
430875 650330 139738
961224 788995 164361
684076 976849 57344
309899 778995 711323
284185 419039 864904
249108 455669 328630
697783 463158 313774
211257 492926 673626
89340 153530 781190
686133 45439 547882
227365 476314 198211
367103 956037 987207
49963 158612 964055
107307 468511 261548
337130 271195 680588
720533 520304 654756
49162 736586 117913
881437 947843 129339
555062 555682 801369
336251 241814 846808
884133 469180 841621
600844 354782 316157
588050 404746 474769
70603 30552 943280
850652 367682 214475
531239 88215 253278
704494 137377 989864
340907 18813 456205
470246 573876 11887
790114 428626 772201
636921 831259 241380
997041 432102 596163
313197 538651 519408
787966 127753 549960
731246 978405 917643
464220 28142 5857
235997 732637 661734
744360 73543 199047
200564 62288 291422
730951 852402 238547
503152 7821 69805
744532 4861 20406
859194 318059 77556
378601 624524 205310
928562 874269 702214
846204 338488 248856
370560 92984 981493
550793 837344 573535
749840 37908 154322
559761 768859 525223
798309 272010 533044
386613 535042 56404
407020 394235 892963
484576 291336 517487
208385 219897 391755
910600 584600 248743
677955 955160 341727
177946 24451 179071
751481 292791 216979
424302 852552 504337
949525 650860 294847
1067 555973 829889
575971 962993 742623
468934 966068 33958
504920 174453 772355
896675 603552 356954
145417 281506 830613
5644 459452 855065
184715 729432 147855
920194 153733 518906
943030 621757 688266
237876 141323 244238
586264 717294 207230
328887 186227 173297
881345 691147 866250
653700 106321 469801
529153 770238 269806
359766 775882 729258
733330 479096 977189
399684 917789 649421
918590 860819 271177
606855 617194 412500
851093 203458 648294
576822 50844 834521
268619 932189 44167
134868 585888 150488
123169 115041 439225
392975 993307 733607
122233 726636 212702
617921 126319 130491
267342 563408 509809
57018 170263 127002
469519 539855 330460
117812 635177 381304
470832 903796 831993
33498 557163 936380
702486 680332 569920
141711 591807 563226
875318 714040 808361
606519 850460 453179
255509 117801 16587
765318 174820 705350
410820 162838 245204
259779 799150 398880
159583 269981 821175
991576 821980 378338
927955 524465 577169
497875 184675 168975
579600 578492 401514
906461 185011 251974
359639 440520 888275
376226 724338 63094
81575 135157 225932
845280 394936 543581
244159 73018 813563
65334 64593 154041
962172 511048 678506
57839 527422 863182
745315 107021 441673
665328 13481 145183
435801 891621 104203
324076 267846 828541
905670 867922 482197
131602 231700 395632
675183 475859 468651
7244 59692 51743
679785 540363 562791
358291 116702 90212
739972 862017 715734
700144 45843 247714
363827 481645 139334
468030 324220 925681
815070 229889 793602
815766 879991 25301
211397 73673 19659
198547 599417 597852
250291 279202 656714
331581 155992 773416
940294 414463 153931
656027 114606 199775
903741 478433 199919
561575 464962 524139
487255 280031 754028
799356 95796 152518
343156 825694 226191
362815 542740 825608
479166 311530 623309
135880 643112 779301
427795 583405 193763
581727 757931 826870
300001 180170 823802
499920 741745 288764
542558 228999 87294
296585 28354 701591
967603 371510 45783
193793 252825 588523
537901 731991 900054
679709 386370 61664
459010 814166 163568
171272 395892 921499
998142 214392 620168
340443 714312 361913
147706 256869 590912
235000 71953 137766
455090 39556 27775
19372 751849 799100
607896 808249 531091
26448 487958 435960
606612 465467 250125
288679 636739 164516
728677 153380 378908
348844 12322 611719
710757 160028 868588
820169 913528 459041
957935 887118 498597
504209 906490 768945
303309 514385 577194
834400 59332 583651
788859 184443 49117
557484 473122 204355
722000 201798 876235
619408 550643 888557
231126 261399 48584
618214 81567 480612
77254 558001 367729
94350 62210 274218
863295 365519 307103
958988 718418 884935
542638 507276 69378
591755 64759 542500
314610 305259 744299
190844 443166 813441
79401 674292 74839
646485 811005 674907
127096 888259 232907
494825 501108 295117
287543 882903 179135
594646 841890 897553
479580 384528 923329
67457 494782 506587
609958 809392 811846
872756 236 773511
686196 598137 447803
279534 244621 777307
954441 371718 184065
187348 385042 685173
964 672585 568075
180100 785730 928465
596152 783810 312992
519480 851267 326273
544567 979724 654165
356412 852479 172900
129923 57173 771037
96225 336708 534157
392031 291148 424374
576096 996996 809417
779769 997961 500
347843 696560 304730
794807 811211 88539
107798 849191 458305
952572 393757 438029
606736 750169 290507
779636 398591 347681
69171 13315 684389
603328 923847 494036
27702 499942 491032
355618 279710 7491
874618 146053 222550
179347 940860 33760
786386 567158 882951
244691 38228 276707
682720 163463 545376
491726 461598 462466
357906 530769 994282
42294 652596 918128
54830 198797 936569
545862 554415 734779
71852 947533 399331
294402 126879 340190
328162 913266 425847
729613 676456 982575
524819 359175 146037
70194 369400 607635
51160 727307 656903
45441 288100 309499
482068 342930 508296
418636 407291 581211
153414 479143 528743
552745 773545 174121
411435 620207 87386
355781 349819 282341
338356 393137 160015
2892 463332 529416
129027 32991 256722
785930 596932 63321
613928 78999 406252
122224 497635 332042
221934 169549 811186
750677 240793 103229
924798 652228 723436
530684 526509 591754
813025 383364 984892
491540 386256 966723
20955 33782 999714
796177 819713 596645
859498 433640 194143
784249 74363 210277
116291 296297 379826
445976 565473 620620
549205 490271 791347
272641 539454 836355
382894 870978 219718
367785 362517 124474
853007 383472 676756
371219 698148 496468
967864 76145 448608
680506 378893 522971
890784 495184 819269
270609 941160 384741
409728 8864 393511
719575 281505 932965
74428 664399 803943
812647 550684 166459
455620 922190 68431
132375 293409 285078
628844 779772 361223
77451 460278 740117
118921 351061 753800
938190 140169 213459
841431 68397 222323
753441 306471 22327
686406 380899 205225
8847 193545 755909
693806 649165 196598
762237 781541 490007
565815 928884 269778
927038 524834 730056
185653 643755 599616
457953 100444 739786
671412 941875 326682
893735 695315 633153
434561 900220 14051
639786 909067 207597
914195 121372 375261
110792 883609 675301
600799 967923 604184
389076 894961 647517
637632 599113 291272
237247 57065 391716
495532 728477 852090
822214 140710 65903
455366 575271 966124
987918 733557 393689
714014 647751 515061
89274 277042 917170
283075 877841 885092
405758 785416 298551
53275 423047 897665
863047 660295 954730
254762 674326 201706
625351 496540 860916
691254 470405 954687
175876 458322 688243
569566 172335 335993
603126 780110 613035
520295 581684 9374
923887 987442 794790
222437 40716 736337
120101 422262 915131
593331 677024 589456
313536 302374 85995
174451 512128 74900
129137 688004 533222
817380 257569 224057
671872 860696 522666
803406 899490 104349
331279 823376 91790
644569 45813 651007
380905 684414 73268
296035 796244 268792
885491 109779 89665
489986 802731 601793
564886 931868 289797
616607 267747 65865
359163 458118 445060
400328 780024 344550
504677 111302 686425
114967 755871 250737
284473 655275 935152
876241 951310 249894
663532 355300 359674
753198 363785 162404
873490 928671 612771
681786 63776 399017
266151 941440 857136
711211 860267 637159
574260 883444 266960
260685 516910 541331
511422 801383 196605
965073 196122 666415
214967 859655 21714
93140 131351 385499
774044 523340 832669
905314 205126 414944
304331 471277 874883
679966 700987 735150
835624 275247 618593
102583 54431 135502
643914 84352 455384
359019 567925 170005
25433 782892 548159
565647 394531 679510
469645 168574 721350
820813 73887 926476
754256 896718 916252
629139 576683 617238
882788 412306 410984
501380 33389 983915
155381 195802 68267
129264 554821 636192
299269 98753 937583
847429 182899 332113
45437 171043 19186
766787 991856 611573
693262 746112 508291
128012 375250 603473
263750 776537 534279
674734 277916 567668
658649 951797 763470
245415 81060 836791
881607 380329 454043
337688 746257 155442
188300 791695 326485
207486 558481 318341
337558 770243 582952
364348 898255 958202
967822 162004 253237
502100 355238 49652
69767 13886 1448
351736 259301 601008
707026 659407 499836
679569 997095 246093
835011 703894 37787
161495 911380 114767
998336 767437 885010
581287 131785 301764
57987 99606 982268
311224 601706 337505
360876 189972 869891
880824 60207 647691
481831 767234 307097
981668 965302 822691
227760 800312 526584
784047 480306 956463
898814 997142 723900
783824 96927 855685
604087 154915 473790
586354 984639 593995
923860 864015 302466
312249 744838 362673
959941 745169 648406
267037 726836 613707
608228 473095 932518
134811 257141 931324
91274 155954 928465
333673 458277 25391
707857 62363 698806
181646 648718 201944
775641 91076 65958
78106 403325 329295
959279 363265 74463
607685 148802 319798
739891 757030 792893
672409 410340 568533
603732 20113 242987
50695 353786 219763
76086 61642 282127
293392 761788 449344
495336 537428 58919
561294 134033 980744
890589 611812 344009
483552 219496 11310
803350 959387 286839
596243 150294 697179
683275 272525 717293
926262 323220 589578
146025 399307 651221
946652 692699 413008
914495 188034 468936
973414 267827 121468
954157 676915 733280
816665 160466 471275
827975 963817 949162
633313 78558 99455
330492 761833 371981
47784 206594 213700
637362 871119 131506
807082 817770 824205
738590 250763 530738
726025 224176 317064
847493 696832 993980
99272 31996 672945
570547 378470 636761
519708 11783 233818
137663 342275 514151
28143 908559 720745
241843 64419 110362
373350 871502 446631
716054 128590 697394
765292 854615 440069
600855 220606 136900
594834 838378 687396
267779 408925 65866
423039 447132 77649
656858 103294 419924
689508 131437 328482
928752 891781 392901
39113 783630 782902
485744 18182 429991
701637 301973 803105
141705 902829 542211
797105 16161 380588
484501 802440 308012
550367 743979 273644
146515 919336 376938
566439 608843 26875
413420 537594 437155
324820 576707 739284
626222 580950 757466
56212 801086 577939
377817 461290 480767
920028 776894 15427
819115 261394 817868
127127 330260 80345
400771 476775 999681
296208 561713 608523
841583 975133 146116
278737 818453 241322
18020 444674 340771
293986 19385 141856
871925 397202 121645
871191 317229 898539
886618 654844 678433
222984 781971 8692
303329 701241 3967
303009 515948 84179
430031 357531 577812
576147 154767 396264
335968 172788 840938
195238 985274 860323
855594 857198 776025
977239 728388 93253
875778 133504 748097
554210 356489 48566
81401 659818 268306
603868 481327 784255
688048 911358 660285
265859 6004 815052
180622 860472 506339
21559 55710 491612
400381 911304 867309
176405 888543 114195
788159 282819 247700
54754 837029 604189
621821 436929 782506
890127 40797 263832
192880 247344 693690
853165 31702 699694
186716 212324 560165
211554 752383 615875
221666 152763 45678
88974 847669 934221
203170 635827 217039
969370 209080 572567
573558 830901 9495
874563 239527 50292
656895 432407 816136
350584 804072 847838
568777 990788 578661
128941 720841 331043
263316 942507 2306
827494 31481 849975
280213 753151 4300
15751 722520 213380
588318 814577 562781
116312 689139 802308
685105 346033 234714
501240 215116 557285
867578 783893 66571
446238 431334 787413
777282 213149 729919
779588 40642 279899
148061 320855 33049
152361 855106 274068
884241 443423 88644
965521 78234 296283
767828 763339 642316
521042 264579 857433
78326 132156 159824
144898 96893 591158
932311 874175 804307
180728 172261 363448
460628 320322 202802
12176 991183 57907
286245 393923 19829
893389 359443 98064
189671 127271 861403
831988 648313 644481
207919 245138 295136
367743 390036 392030
477401 840846 784704
281707 21574 956966
645156 482202 277287
366457 494378 786970
424365 299122 180892
444194 192511 540335
542258 382182 186105
922161 732669 352917
85140 459087 598056
380277 345330 988092
290806 822731 347437
75509 104437 369011
550974 268092 851213
346761 634550 864090
133730 58914 163212
833122 21607 874223
373456 82365 774904
78061 4525 26072
430978 608165 485159
29033 506941 830489
535625 797747 653219
883062 391756 276156
770572 461229 62747
140283 807990 697297
4372 941720 274710
686084 293340 814818
78805 666797 897183
853710 263357 420207
879782 694335 28371
883440 241868 535313
713929 295992 851559
885647 697553 761814
161802 468124 223043
743050 608407 31032
440346 131278 491252
233556 335862 784592
48373 414667 969888
464055 786876 233244
884262 185156 446079
431132 68596 206446
966445 782525 502438
336503 186670 718490
98316 866973 186613
321359 610022 313519
352392 50367 963297
362143 802423 817658
146734 369295 232325
116622 833350 537700
868366 236110 722857
314444 667243 791453
520890 152186 92476
541827 488689 279146
260316 587006 146118
965429 426864 756140
797447 779256 325007
760744 141398 645929
578401 806633 15224
329225 441754 367073
385425 310119 121683
108281 143063 307425
418233 182452 978111
29208 242779 466800
826854 503095 572305
491472 987024 999169
766111 784470 296924
609617 63712 956822
255546 160613 763454
789270 489838 205207
674842 875263 33826
796525 502043 176889
622449 438775 359341
600560 986483 602120
67359 813337 623715
158163 823308 610738
675831 589418 913707
491254 199035 977420
448076 973081 138032
730029 762350 146369
935237 955691 540132
969063 752216 560674
664451 374664 517949
23791 493723 504431
144411 561082 836267
286625 237744 659574
415862 432075 248992
329568 923329 966527
825487 889904 458106
482018 619933 738955
628388 555169 694645
687019 42730 965360
247692 707181 858524
765641 249471 352246
788572 393882 431828
624838 199006 669572
284412 614868 620146
51903 462936 543475
536929 806922 433378
995035 288940 53310
733989 435827 126978
947133 122845 169708
912493 889037 876889
771016 173177 126360
123261 961749 38741
555089 586586 237748
743161 389497 371115
363306 959900 834051
425280 15327 640973
858659 10361 448412
430468 262849 884239
557447 209982 525583
245654 122474 414619
641043 411989 587796
285902 535250 549544
324643 608839 654630
80890 351999 562626
970506 233804 41025
323055 659085 56352
482527 36242 66714
705 698
508 513
278 273
185 188
918 921
222 228
887 885
119 112
369 374
852 846
473 475
920 914
967 959
717 722
414 406
265 271
97 100
964 972
566 558
305 301
835 828
487 489
915 913
346 338
256 248
663 661
593 594
263 269
166 164
516 517
466 464
499 493
356 363
663 668
768 761
388 393
259 253
248 245
128 136
70 68
496 503
75 78
451 458
895 888
468 470
303 307
756 758
976 978
265 266
618 613
154 148
767 764
651 649
350 355
113 110
841 840
707 705
479 477
167 160
170 173
905 899
773 767
639 635
959 951
692 687
303 301
760 763
932 934
887 894
954 961
832 825
103 109
914 918
141 144
896 894
67 73
340 347
429 426
553 555
235 236
77 76
423 418
441 434
392 400
224 223
825 830
82 81
128 132
72 64
714 707
794 800
846 850
406 407
130 134
750 757
286 282
391 390
804 811
391 397
207 206
739 743
658 656
324 320
849 854
268 267
405 406
646 652
783 781
627 628
153 156
774 773
484 481
102 96
39 37
450 442
223 227
490 486
771 766
162 169
193 189
472 480
424 427
937 933
460 462
87 91
47 44
235 231
229 221
140 136
691 685
697 702
118 110
504 499
791 788
204 200
901 907
774 782
381 375
57 58
560 562
181 179
621 615
308 302
734 740
952 954
484 488
842 846
115 123
436 434
710 713
604 601
62 54
605 601
578 586
502 501
775 772
158 165
130 128
726 718
828 821
165 172
908 901
973 966
842 834
914 911
881 884
59 61
311 309
915 916
544 546
837 833
829 825
877 876
22 28
602 609
144 152
487 495
863 868
131 139
612 613
23 18
514 508
452 444
622 630
465 464
734 728
486 483
446 444
540 543
799 807
192 187
431 432
846 847
685 687
554 561
923 916
616 624
488 493
502 509
817 821
757 764
524 522
697 704
22 16
75 67
892 893
95 91
148 147
630 638
839 838
159 157
135 128
784 790
654 650
506 505
288 296
291 295
382 379
806 801
415 419
444 442
277 282
871 876
590 589
299 301
732 735
451 455
430 428
529 537
335 339
335 327
776 780
545 544
833 828
882 883
363 364
265 262
878 873
902 904
658 660
770 767
966 965
390 387
645 637
298 299
116 109
587 580
757 762
815 819
879 878
624 632
608 602
614 613
572 564
759 758
125 133
199 191
834 827
138 132
642 644
877 880
863 866
441 445
682 676
325 330
309 314
609 615
859 853
646 650
551 557
820 819
681 676
218 213
439 435
309 315
355 361
399 405
647 648
173 179
153 155
600 595
926 920
858 853
23 26
896 900
107 111
244 252
699 698
960 963
104 101
698 690
37 42
312 316
882 886
281 276
215 221
592 596
433 429
525 519
596 597
403 396
146 140
348 344
212 210
921 927
189 190
700 694
94 96
178 182
186 178
372 373
398 395
684 686
549 546
809 808
849 856
247 249
501 508
41 48
927 931
287 281
872 869
852 855
328 324
711 708
498 492
379 372
516 521
21 17
65 64
304 312
13 18
278 284
142 150
727 719
78 86
133 141
355 359
216 220
357 358
269 274
655 659
99 93
209 215
776 768
252 253
696 692
634 631
576 578
367 360
340 338
504 511
701 703
270 269
719 711
284 291
647 643
302 295
660 665
30 31
855 857
179 184
669 675
367 368
847 849
743 745
201 205
708 709
869 873
326 334
469 477
976 977
10 15
898 896
801 798
103 100
194 200
218 225
125 117
687 695
350 345
220 222
611 619
527 519
64 68
234 240
729 721
593 590
481 475
532 530
461 460
30 29
146 147
610 608
641 640
785 792
34 33
674 672
89 81
747 754
567 564
957 949
595 599
443 440
375 372
384 377
526 529
741 738
970 967
124 121
515 508
607 611
324 332
392 399
262 267
468 471
804 805
56 54
297 292
939 936
736 732
567 568
157 164
965 959
684 676
955 950
928 927
304 303
845 851
721 725
101 96
112 107
297 298
463 459
825 827
416 413
817 813
51 54
342 345
753 760
501 507
5 3
362 360
412 418
924 920
6 2
859 863
902 901
286 290
170 163
808 810
343 341
380 373
467 468
64 66
284 292
376 373
650 653
293 287
739 738
864 867
632 640
160 163
489 492
200 201
57 60
625 617
680 674
569 565
408 406
901 895
153 150
551 547
549 556
816 809
8 9
712 706
97 90
316 317
938 941
446 454
794 802
844 842
482 477
933 927
246 254
836 830
351 352
30 36
784 781
430 438
806 812
571 564
623 627
723 722
323 322
777 774
921 922
970 976
298 300
686 693
517 520
946 942
386 381
226 230
13 20
402 400
685 689
642 635
127 123
429 437
208 204
365 372
428 427
576 584
59 52
919 913
29 23
341 336
485 481
577 583
63 61
733 738
419 424
671 677
57 52
195 191
585 584
233 228
121 128
676 673
392 389
264 272
290 294
491 494
888 891
204 210
776 781
227 231
142 138
747 745
209 211
363 365
310 308
860 861
340 344
932 936
243 236
327 323
130 137
435 428
599 602
425 421
564 558
709 715
53 51
716 720
580 574
408 415
579 575
457 449
313 306
110 108
683 679
975 974
275 270
904 906
469 467
456 448
494 501
313 319
728 721
157 156
760 766
747 753
52 45
498 505
582 574
796 799
614 616
64 62
671 666
606 612
907 913
152 160
188 194
355 357
779 785
174 172
174 175
791 793
8 4
123 126
496 490
39 45
732 728
938 945
570 573
451 448
502 510
871 869
882 875
33 32
221 226
774 778
635 633
540 534
537 541
943 944
234 233
544 550
331 325
731 727
883 888
675 679
570 562
88 90
484 487
334 338
36 44
286 288
744 746
500 494
406 409
744 738
214 207
929 935
607 601
948 951
273 266
718 710
49 46
305 309
410 411
50 46
90 92
122 129
413 421
897 895
684 688
979 976
948 943
441 449
336 342
367 369
704 710
346 349
457 460
375 383
858 864
260 262
472 478
892 899
539 534
875 871
198 195
396 389
145 142
468 474
185 183
826 831
666 670
349 354
383 389
745 751
789 784
162 159
238 241
553 552
97 105
426 425
955 958
71 70
804 803
74 72
962 958
649 648
903 897
818 824
351 346
85 81
703 708
322 318
107 100
119 121
258 263
616 617
459 458
387 380
666 667
143 149
910 903
76 79
25 32
484 491
171 169
497 492
258 254
749 748
766 769
798 790
881 885
255 260
864 865
558 556
120 114
74 81
909 911
573 576
720 724
277 275
929 922
937 940
10 7
812 813
763 765
183 177
732 737
440 437
76 72
356 348
395 391
739 742
17 16
794 788
23 27
867 869
417 422
808 804
927 932
235 239
471 472
8 11
325 317
845 844
666 669
968 974
912 905
211 213
536 530
964 959
526 533
13 16
730 722
881 880
968 966
593 601
516 518
394 387
657 654
377 373
299 306
289 281
65 69
412 417
911 917
814 815
653 656
548 547
697 701
543 544
46 39
176 178
131 129
321 326
953 945
80 76
4 3
716 717
552 544
190 197
620 618
257 252
782 786
251 244
474 476
41 36
87 84
752 746
512 507
527 534
59 67
413 410
853 850
94 98
88 87
367 370
930 925
461 467
209 201
672 668
448 453
574 577
238 233
748 746
448 447
385 377
953 960
2 7
943 941
88 94
584 592
115 109
535 529
534 538
319 320
45 51
430 431
202 200
187 180
530 524
826 821
716 712
584 591
412 411
660 661
7 12
516 515
938 934
670 673
188 191
276 280
557 559
200 206
196 193
588 589
733 728
242 250
782 787
442 438
103 106
964 969
655 649
14 12
684 690
236 242
519 514
142 143
80 83
517 523
447 443
796 792
261 253
821 825
158 152
476 483
2 3
245 240
244 239
626 619
925 918
371 368
366 359
83 84
598 603
522 518
467 473
35 27
761 759
246 247
721 716
404 398
890 883
111 117
330 337
189 183
171 176
697 694
353 352
630 636
949 942
869 874
318 315
542 539
174 180
838 831
942 937
526 521
41 43
554 553
790 795
754 756
945 947
854 860
600 606
767 772
388 386
891 892
17 25
144 151
119 122
662 660
783 788
631 625
633 631
395 401
749 750
222 223
942 950
862 860
210 217
177 169
255 254
33 37
615 622
815 822
108 107
840 843
420 418
336 329
333 330
575 574
889 881
161 153
971 967
38 36
843 848
777 779
643 637
18 24
755 753
621 623
246 241
464 459
547 546
402 410
646 642
950 952
574 581
264 259
2 1
114 107
19 18
279 273
685 684
574 573
818 812
212 219
629 621
92 93
321 314
427 434
563 561
276 273
949 956
216 212
231 237
698 706
803 800
815 823
35 40
661 664
559 560
840 835
329 323
666 662
909 902
203 198
13 9
525 528
231 232
531 530
980 972
814 813
636 637
589 595
168 162
588 581
280 285
353 360
678 676
694 687
55 50
376 378
794 797
283 279
565 564
598 597
870 866
