980
360657 581984 770817
229803 272412 770528
288676 778376 847430
298819 390179 573621
74953 60514 188681
296353 804866 27086
385233 871010 638537
634642 875941 720978
224197 389998 127397
138432 124971 798592
651491 4128 380575
940807 752431 171486
711334 559606 949863
558763 858425 340041
650883 451877 919055
839564 748230 242419
866650 651962 631928
505187 286604 26367
744664 29300 416365
872061 167732 541337
189151 337722 545465
569727 278528 816395
741213 508361 376001
209574 585623 234425
68114 236506 204802
505668 594569 471531
266586 979719 123493
898514 3404 410097
924881 266567 957897
859746 657127 644128
401082 846279 981851
465046 416005 778878
281440 675717 287239
657441 403791 391361
410366 471905 627867
133667 496073 740936
605198 762659 720654
728691 661173 242557
657287 586053 509124
615183 445798 166250
777811 365379 12528
759661 348924 947033
538538 148864 141249
344276 324804 545040
735638 253669 535444
882004 387336 31516
141438 992535 794176
862092 239724 973848
104648 897012 78399
132271 30693 42697
298522 808504 926576
829550 568164 275500
776583 625202 942864
917832 487977 267667
981371 742114 521337
35313 624118 908673
66830 765556 419706
379505 146147 659431
353352 769295 556442
950251 901567 105634
992948 718588 914139
919524 548137 801
713523 843219 626003
656386 279549 632480
442552 779419 374593
963889 814733 517210
391061 881563 801266
329266 779567 465912
988697 651418 235206
63637 601668 655272
169272 594616 892359
83410 32638 958996
84211 264660 802214
228714 921046 81763
861194 882097 379681
754286 364485 194413
271496 755546 75975
591261 84811 374041
57172 592008 25458
810878 655645 627127
466150 824917 740242
358508 426826 291379
317503 29537 556039
638217 258251 995584
238479 637944 877680
618160 910729 242164
812574 700724 516209
407048 291984 119520
781090 349156 711528
325047 160034 885672
952174 144683 710589
210914 21690 655914
502293 857694 685451
576831 14409 462201
572414 252888 100144
968594 389547 529373
210757 720620 230096
245466 127668 522081
364986 427257 389736
595013 752304 68269
480684 222977 731452
709772 952391 753143
365686 454684 129335
569636 31514 143744
31837 122428 915132
650481 91021 304678
179853 820278 25298
409950 584243 671466
932031 949229 617222
840266 544241 888025
427035 543425 111001
158486 253196 63392
430128 137381 36575
559463 707018 586589
221706 738855 227516
136837 389335 837037
960016 569189 657315
985314 979139 241557
175278 429668 709286
792500 788433 772026
680524 215467 315450
310025 373954 87146
891917 804082 224527
928492 882045 931545
33579 103750 188898
261096 759088 96733
98132 719103 665922
273946 222915 163559
34003 398193 111726
743289 709192 418658
33813 389715 634126
349264 699740 526579
954910 591656 849160
179436 38646 731204
629481 590726 353454
336878 370321 112541
433611 986953 350143
99532 779399 573058
781591 813402 971251
411816 75189 198941
830475 109002 588656
464600 976766 806896
509678 931675 917051
358837 629611 474197
608541 259091 64922
961995 114468 953743
593035 548080 940695
943178 166111 720093
516235 947703 51993
5984 359518 127182
204925 189992 236185
312080 173091 212950
118975 682769 663125
36026 41606 292735
28722 650147 70325
93644 130640 184793
47386 723675 251372
506580 666852 417484
745173 701586 883686
797166 707570 243203
924349 430994 951696
679033 743074 643286
410482 862050 844555
73606 416575 886161
884841 963797 54806
955166 57440 185446
658459 623326 427620
909831 648405 94471
845814 393577 796057
729499 190743 22125
491202 633591 453119
961397 312623 196192
604682 723105 576741
449236 315211 511815
853896 718551 475611
427201 192216 51550
131146 850675 193375
558766 279004 360280
171736 124818 753857
486292 372816 463099
508417 864018 615189
480035 825414 927812
676228 948596 169416
771468 916331 3126
801783 770227 721677
277393 715927 913893
847444 847074 283066
40818 924339 562071
919598 96075 205388
673455 100866 578204
655053 609284 960722
270242 607818 786135
716553 284045 253229
404468 574013 169560
407594 375795 458286
647771 171687 174212
561663 19130 21285
844730 578449 945625
925300 498046 560199
130687 690000 661065
227390 863553 788848
188111 652294 396666
492746 368846 199210
745975 773315 773223
915535 699408 667517
373820 347178 839205
66532 908842 858335
87817 272070 955283
551941 197369 971829
112139 846556 661828
291704 592445 43879
80551 299056 696173
995717 791802 65019
194927 56275 356833
486649 490310 56240
154166 382629 921919
511870 449161 349259
370204 536979 621329
843987 607419 337197
815815 238058 702252
996142 529762 813196
40021 128812 112251
736194 643029 422552
319712 837956 478828
676545 843104 969138
251285 515769 870266
173203 27638 319427
40961 916343 856406
180789 760329 982324
36485 94642 220381
738737 90783 750143
70431 130804 397455
182683 385498 40483
123734 705210 396938
602562 381755 240041
90198 151539 755811
960465 843242 301948
279891 884203 218290
654796 64991 978619
637119 101476 73260
857501 358712 682544
126142 429143 813348
42096 130325 717345
82579 254060 422555
998017 375121 322809
756558 465320 474348
512368 944284 836089
332815 742674 238790
551106 397469 822281
529724 553087 923757
121484 929087 800968
804028 573729 748610
135874 615825 397435
853220 216904 651495
275774 214920 26615
117082 971478 10434
109929 2344 473217
946018 335160 215890
184807 886266 613359
7087 934489 684946
449343 55972 614032
768810 378499 187760
517419 514374 803586
914854 886093 20489
84847 680366 753909
629963 797448 725387
158896 907377 246230
632114 853394 581390
848004 556700 986155
979863 82286 920644
664808 531629 495115
797339 300438 392114
503599 336356 906488
307184 769710 311079
846173 373056 991445
118580 3018 788892
843967 161915 214767
608697 312528 586660
708586 160531 143359
694741 658893 225645
133883 842200 275773
628998 639539 94710
539611 143137 949566
446098 968821 719275
275676 333492 610831
267120 452072 613849
56011 814539 294263
270778 423235 606791
375937 131820 285822
519296 345060 463214
263440 478943 305414
57712 626441 463452
152422 166051 125088
101988 130649 93908
339762 406325 945900
469092 673446 397971
82941 247956 212509
895704 37234 154243
20994 413171 286064
825316 450967 149623
288529 714407 628567
112442 772120 255007
575894 443041 939558
700982 63528 70206
313389 921791 995032
259288 390882 186976
657260 992323 953432
388268 406526 509165
542512 427520 440836
347075 771335 891803
15197 59863 124708
643764 172306 415327
417270 266699 376868
356828 967682 440396
945534 799570 880686
459064 58858 271568
646040 234617 782390
117971 141384 188915
627136 202395 134934
67971 67969 906269
959774 83167 966133
602982 726931 656938
18308 662701 442136
395176 19528 409817
354072 483561 727887
234757 461125 305244
24824 107164 539861
807215 225135 681245
514629 370771 402140
649564 438742 470109
74331 917016 553276
40463 519997 280207
215900 56804 461407
658037 970481 480935
586353 843052 482995
314239 596308 944120
137982 621133 569784
677843 946847 313418
877588 979975 684189
279727 148037 641431
749836 222369 558446
821612 781332 596942
620318 997233 172245
81724 173768 661225
81158 760121 504276
564153 592860 619084
26772 730842 240216
115055 927185 705562
428473 323271 204035
631162 602998 352073
272592 871333 574442
349537 692944 355773
946479 831761 871505
637223 913485 45272
298448 994643 323893
321223 77295 916753
940307 104067 166093
699022 737622 611777
923083 166094 935048
127118 797256 56544
997691 588347 927878
572132 937884 139320
927905 402861 971082
317909 558584 884566
363181 375531 397708
687074 215253 475003
122325 674060 97569
806919 891581 835191
418695 814664 1284
353743 460281 317040
410287 457971 423886
856664 548602 880270
514484 995006 801630
485565 312914 360213
888630 676096 735744
286337 363169 950998
279839 3994 625057
377408 810913 516637
731098 229607 849800
732383 101849 828580
567922 30636 286550
510307 887300 835152
390576 401783 348657
192206 405847 661571
70918 812977 337666
806663 617813 219335
276159 897653 223329
419715 793560 552741
454851 524658 300847
823151 775540 402697
651730 861961 951833
456780 372267 839132
810431 281343 759415
159087 992049 683761
820659 62966 496737
158324 388128 114550
896159 664287 530702
119487 602501 324261
190727 57352 367418
491575 880503 142957
412771 50731 4917
883103 507511 895685
722234 317942 695527
147 995529 687575
683909 816187 750541
699145 493011 657169
813695 389169 321455
862896 27156 442456
187157 217883 18307
554575 227957 417309
216032 159227 468040
739449 42329 494051
635133 283063 811993
330659 801710 326020
536733 485618 142207
287274 703263 635218
944443 516957 542886
784397 379853 570042
745352 85509 306425
763659 158583 534382
180967 374615 212109
167507 114064 254438
661558 267696 56000
992050 116855 857711
318069 653588 861828
460276 459361 565090
613993 922303 600547
156879 225199 498899
245420 970551 102907
551845 252709 261490
604727 433676 154605
816836 601183 787169
589773 262740 573364
164273 254789 690219
21983 91358 862307
402310 551634 321667
485900 684127 762470
86446 359505 987669
103844 604925 476718
206751 156770 729427
986741 279996 163103
659845 615331 282785
447013 205103 64025
538877 887876 837314
747595 909859 928672
609901 830669 998806
450068 316568 682932
212537 921514 42436
718705 543857 165860
195422 750608 841130
443349 255847 121125
124951 915693 736456
407736 881205 460059
990261 420081 347934
827575 167676 776293
756246 296076 606961
273550 746144 442028
956482 477180 363541
517417 714384 907398
683278 909807 176504
524407 871655 950851
164032 996606 385042
418987 404341 266247
879046 913102 204827
745480 740676 891003
521772 15420 187079
647232 288971 451722
89259 763952 447402
971300 281369 161785
397196 483146 590091
92199 526052 461745
43049 690084 458350
428092 627571 381191
212838 506616 294292
936165 252095 34967
827168 292366 568887
532746 458097 857858
984468 65855 140309
950369 37154 421678
112154 952850 423323
702245 563548 949375
163990 125097 157958
622340 71688 785529
3530 284526 810644
816322 220690 581239
369788 566357 392104
938676 99102 850202
315032 602070 916057
455341 552438 471711
395518 183091 943060
337340 885337 506608
805215 49326 631705
963173 190165 703393
267200 712196 506418
596343 528517 245607
177581 898306 811965
88185 355480 429566
938387 670512 31635
854443 644353 102573
844653 39870 285664
787713 377211 689500
294320 182425 738826
926025 664097 447491
147916 449796 159686
654334 46138 206702
899941 742220 105007
230404 830405 460487
659971 287290 649499
210105 141732 293851
312678 504885 333721
116842 292597 229431
806342 586917 930356
63667 31440 594452
29657 697856 562747
189343 870689 608886
396045 770629 869605
19552 519533 218508
998539 179503 505798
648037 908108 166029
460387 739286 670914
312608 856128 963511
542039 180968 68926
472395 763135 100366
585346 792792 798222
148093 982135 668910
275478 896680 958039
145082 434731 996071
882090 951769 694073
387887 118305 602180
72415 578692 341465
743330 891300 716092
706840 951839 897061
294266 942733 660195
394632 528078 971487
711354 194670 472120
898763 988648 368799
375300 652229 322029
371370 534318 273798
65442 440704 392103
667623 513120 489294
527587 256449 380594
243679 481788 850932
659239 776054 793664
837933 689186 840241
809419 919039 553411
281539 817801 542058
168837 193101 194287
9366 82970 247104
283164 666913 687809
193766 853035 200928
201559 380621 457377
100652 624300 457664
951584 802038 752218
745247 639971 441403
103987 449389 360441
657398 249427 696741
199455 418265 408341
912242 427631 491312
159346 229294 676724
847155 941560 529758
566582 143118 910379
542458 762271 53178
121 713854 855216
752339 977601 495186
712241 81587 463075
591181 738985 712502
287922 456939 649266
696263 887681 595396
706074 47026 343189
382797 412680 284748
912555 979262 946367
341433 521719 708637
394611 40339 940990
249826 311178 918590
263512 23418 518676
245086 614600 776160
476087 421021 233099
125353 635783 120779
720749 860357 686305
63938 243153 98984
867186 674208 596745
332051 534140 118463
559187 928751 677302
500177 697076 988480
418766 479087 11898
455942 724173 144997
232101 200260 84517
983700 844113 720300
622978 83360 580656
309282 665798 342309
926766 532984 535016
523510 383534 69155
160472 942722 516405
837775 442898 731980
826254 380163 729567
356651 836105 453739
20147 68206 172498
104664 51905 16610
824965 674884 99971
924120 502665 765769
784928 429431 817252
319943 471440 200786
907598 150412 143507
942502 988187 104904
674482 332939 485067
404048 208090 839672
376286 228237 907878
548785 851402 478282
83894 194865 153165
183865 118984 174330
468134 903913 603761
803885 742355 593700
4670 649953 744112
666677 110953 250797
290080 785435 583737
293647 707982 310326
133318 84268 57062
41195 151552 908464
37976 235446 103328
709642 937812 740813
883972 924445 163224
6231 728329 905579
599931 251499 74030
344043 436675 184984
113339 726756 488918
215575 538902 196900
525901 672220 799668
582964 231914 951220
9926 269890 705165
113255 979532 161475
372567 382002 85919
535791 388233 332748
959869 988165 584247
33899 850707 539421
737383 482545 784676
226300 698121 323577
423200 224021 995797
741367 325484 227710
211085 335411 16100
434750 967166 514131
596225 858232 896134
200644 394022 284366
533392 353890 791030
636138 906289 160235
175558 643671 642781
478734 869972 340901
802311 811671 83421
316607 553038 927406
62816 282622 781316
78916 717372 266980
593048 313597 125211
489181 514241 519233
292046 566132 391622
83076 202269 297911
761811 896327 941582
404591 375060 811553
263991 695871 623224
347413 12477 694761
793318 75293 977383
574633 672710 694755
841613 265757 526851
966824 273437 559591
486056 83982 644222
877678 685558 846491
694088 447369 261316
635670 851960 154876
447222 634451 369246
588945 981864 381723
802205 775181 975516
779588 868313 648225
992842 709925 432481
38191 676748 705918
116281 681303 308400
760503 77479 993958
125492 771568 441326
905308 407237 811786
60183 372958 446236
947929 480403 946599
329651 282607 240278
823667 580694 108590
990391 92034 818515
422872 648725 13761
647289 765006 213563
955689 525508 809542
949647 169499 581109
909472 74807 506845
721257 653490 398303
685992 601419 878706
632590 449569 679812
872868 273235 260506
499957 263626 871040
318471 204997 519765
850732 852286 284770
582794 326474 328778
392336 794620 498277
973445 704091 91583
998790 425348 745074
915592 111339 346492
794297 262429 796061
992608 135296 587796
771613 635254 369921
642653 472224 93417
162417 841456 464202
965687 424249 790676
294464 816585 585295
311241 308529 807886
402824 825818 751733
147897 741409 381571
12888 54204 644000
327449 46811 297796
433744 818425 451549
803665 979577 442272
415581 141993 283727
879783 626179 226476
670459 920644 43060
774253 750384 870089
582138 153207 695906
333870 819605 955814
715442 832493 10017
877941 678441 56829
175736 112184 393753
145784 434348 373329
588057 849929 33821
390283 729712 660000
616759 918670 99142
178319 692922 849526
48407 793560 521233
262813 645929 340837
218626 879870 691829
228644 757811 370270
803973 452046 482454
716225 597831 916803
89553 185887 285230
641874 94669 14941
301873 711429 933611
401016 889748 145032
769041 938155 938592
290273 719467 103019
149609 938094 982890
841439 166737 259199
730208 489209 229744
731161 205433 346074
166462 813486 50460
451693 455359 145130
466634 275731 856559
918745 195246 746306
63776 964288 202959
520867 773060 922427
142385 922670 860520
643774 282607 545756
902973 531314 34964
651217 262474 758897
997291 428937 572382
47751 399129 546240
192881 384262 821971
49439 303006 17217
314244 885282 981505
517203 924648 754564
958129 585533 195732
337147 229306 478339
401402 650779 9652
954866 301995 790627
713762 817785 738063
804643 865536 137191
350882 58416 521453
172853 626355 342959
708570 459098 746740
208573 494801 671388
481636 452929 256920
677369 790077 4725
674207 191478 655504
202359 664844 475998
992986 378605 293783
249547 183248 159318
386738 52629 736235
426690 743982 881089
769649 452551 340187
34888 661124 834988
224775 142760 806416
194 338628 114991
4919 12834 824970
178923 733693 489813
654921 245177 868418
948704 494724 570165
626522 399961 622795
362756 826652 366776
762344 114799 819328
102530 149687 998951
456017 374462 141710
262433 374656 998838
895924 898076 11672
720893 76998 745365
210705 731919 990543
597623 199122 3765
167787 825644 403727
309081 706899 230378
675858 469242 863677
13684 90272 13364
531134 64788 906326
672845 845721 799482
190181 741645 216056
201853 462537 293054
465718 673243 543472
974760 789365 742594
978525 957152 86736
900751 266233 793635
131128 460590 781377
994806 992774 390148
526669 523907 454936
951494 715251 300657
269474 905433 560801
485530 107285 23337
778584 91502 215079
840556 66261 4443
583149 563286 480095
669886 464036 746328
982020 113664 725417
763396 626969 718190
672043 672137 242096
126979 623630 957348
946136 893105 862780
506936 897134 488564
48772 194217 98566
263852 34772 683327
268295 136420 246612
266889 324805 229148
531716 306825 861312
257132 588720 488280
975322 260763 678916
735918 906242 302545
211764 852377 714149
593043 877812 129782
600106 926584 323999
698672 190435 877271
381999 977231 13690
147110 762619 338496
894758 294335 163820
756069 551467 271039
762848 45288 50301
441763 781206 956543
262808 511469 327418
976957 104511 205229
625238 704617 650313
949237 403289 359247
826507 303787 854977
358697 450897 617596
697193 345655 911931
379512 620223 463397
650551 383071 27184
700853 824834 326889
175894 606141 838358
503313 101597 942869
227041 726835 165985
395853 676072 87773
755101 21077 391560
610077 379774 360956
227672 595466 225110
658102 974978 845334
639999 144028 746904
667183 363380 90236
994073 539274 696378
832430 561086 797975
293798 306627 524809
459783 702480 719380
66055 976080 740458
457615 104656 638731
337070 850828 234197
562181 508930 727674
407514 148928 871702
672917 816111 753581
763153 810183 292855
459530 161112 372440
776004 454910 197566
300813 433192 900047
538692 499247 394625
279149 475361 499281
436380 812431 350109
670577 893111 859039
916750 819124 526466
788452 492040 342576
542032 255193 671259
353386 233222 832371
244326 9226 805780
441892 310039 757471
860438 848731 256717
255063 646380 250577
754344 601259 63007
622952 271835 474618
489 188584 293741
526955 495535 785782
388031 556067 559474
59289 427952 792696
410159 190777 801922
734438 632670 630460
491908 493107 997691
267124 266669 162569
517701 539513 763828
99207 162464 554162
573825 162954 261245
867567 208408 275280
171847 596439 349846
731321 174227 777798
42515 102885 968576
362937 355822 119744
511896 847730 131350
28085 114853 398020
190654 151053 937533
472981 250261 618496
545642 342585 299949
806888 210151 508358
600667 900498 623296
950513 150317 316023
246809 192833 418908
733884 555770 293230
853628 586165 140959
984979 614251 774313
901498 323404 925366
357529 314885 694126
976025 860527 36711
794474 185913 765362
821331 305079 665860
444626 255591 816177
760649 20900 9009
698057 754784 83278
991287 126911 187943
650745 630389 802194
943557 531886 644097
868923 407914 958982
563048 902438 338008
118258 696911 42420
883621 518241 347500
549480 962868 121590
365656 242015 142490
893166 458571 897275
494943 968357 542685
201385 137601 173073
3578 81157 223458
166175 468579 631372
643656 31627 533809
981664 668385 230720
542584 552005 267460
890084 101484 748827
11673 985641 990843
154164 397305 967913
569938 410747 936270
112622 612133 73870
804195 134210 673527
27652 300385 142106
177523 944042 692233
229831 444204 360617
979051 986788 912623
246511 876871 532606
995338 407044 518246
504679 79707 434050
472592 649645 844798
927361 280766 456930
519730 84960 591140
193256 631112 410025
335362 808635 872566
27594 38465 316769
906712 536016 822057
819334 782527 217426
351939 296363 624470
388685 801043 704177
341234 792134 872321
186031 719494 153086
161460 239223 238046
271100 950979 869158
199624 804841 196291
72189 350934 234757
388958 257645 770773
729514 76978 71798
946941 947418 368161
571410 854602 687703
794087 195835 479836
666407 900367 199329
819494 580326 957052
576039 851426 426530
445197 569549 231370
641488 641738 582304
102 108
397 395
66 63
333 332
821 820
912 917
827 819
825 830
424 422
926 930
941 949
811 806
308 304
851 854
786 784
519 520
118 123
811 818
421 428
350 349
791 793
746 753
325 328
685 687
649 642
347 341
826 823
496 497
275 273
394 402
882 879
557 550
523 515
863 855
258 260
229 230
921 917
548 556
850 843
400 405
407 410
278 271
636 635
655 648
921 927
39 42
860 857
973 980
455 449
709 702
952 948
125 117
169 177
24 21
425 420
566 564
480 483
745 743
842 848
15 11
918 912
747 739
602 594
212 219
486 491
792 787
102 96
74 68
389 387
449 453
715 708
514 509
82 76
134 136
600 606
256 253
741 737
516 522
528 524
244 245
509 504
757 760
477 472
95 94
410 411
485 486
160 158
146 147
279 273
212 205
308 313
96 98
7 9
901 897
943 937
648 642
77 83
108 115
19 26
969 974
471 476
884 890
766 759
912 908
900 902
970 977
889 887
321 314
911 914
777 779
220 216
501 495
733 729
386 393
595 591
28 21
447 443
560 567
764 758
572 576
801 793
170 164
270 264
785 781
700 701
577 579
895 903
832 827
972 976
33 26
505 498
602 603
707 700
192 196
866 863
435 432
166 172
676 678
722 716
916 922
670 667
374 381
199 202
692 699
798 795
85 84
721 718
591 596
755 747
732 735
674 681
409 413
384 386
723 715
877 869
358 363
141 134
269 271
828 823
816 808
32 26
76 84
759 754
927 934
659 658
332 327
925 923
876 873
238 237
350 351
391 392
710 718
298 297
662 666
385 391
548 554
478 475
297 292
205 210
641 646
502 507
320 326
221 223
109 111
683 684
942 939
173 175
292 287
665 660
303 310
683 682
238 242
512 518
700 706
468 475
710 708
129 121
395 399
945 939
70 69
627 628
731 728
757 754
540 532
504 496
366 373
770 765
612 619
36 34
867 860
744 752
18 13
554 561
393 396
268 265
223 225
972 967
476 482
221 216
96 88
905 908
426 429
728 727
562 569
342 335
354 356
879 885
358 366
396 403
763 759
940 937
426 431
894 898
213 207
562 568
412 408
662 659
768 761
408 400
432 440
359 354
228 224
298 299
167 161
23 18
555 550
302 299
419 422
809 804
687 690
954 950
371 367
936 928
466 463
55 57
968 969
643 635
601 608
471 473
291 283
184 179
148 149
959 955
474 470
487 480
951 943
8 11
316 318
881 877
527 522
537 545
445 446
230 236
374 375
48 47
427 422
604 607
526 529
824 822
454 446
863 869
819 813
688 681
580 572
208 211
601 598
868 862
198 190
847 846
159 166
517 521
654 661
90 92
787 781
938 932
164 160
142 141
516 515
705 697
815 822
66 71
862 857
808 810
66 68
216 224
131 127
639 631
381 385
600 599
750 751
480 473
484 477
488 480
377 383
774 766
352 347
171 165
156 161
584 589
279 281
245 249
836 842
98 101
966 967
663 667
4 2
539 537
325 318
289 296
297 304
703 701
601 605
566 571
183 180
914 920
229 235
190 193
825 822
205 206
813 808
766 773
379 371
45 51
190 187
106 114
113 108
498 496
418 416
382 388
542 538
251 253
628 629
180 186
152 153
240 233
266 274
807 814
320 323
804 797
124 128
598 596
169 176
672 664
13 9
414 407
635 633
570 569
135 133
933 928
780 777
56 60
293 285
441 445
126 127
202 205
230 232
822 823
368 367
562 565
615 617
134 126
714 716
964 971
107 100
458 465
551 544
343 341
823 831
688 689
678 686
610 606
45 41
854 859
18 19
888 896
727 725
324 317
349 342
529 536
768 769
943 946
141 143
584 579
280 286
645 650
222 226
335 331
339 345
272 265
63 61
702 704
650 657
594 593
790 788
31 25
182 181
934 937
641 645
257 264
355 357
753 754
784 782
27 26
354 361
573 569
56 54
432 428
247 255
646 654
668 663
663 661
455 457
443 440
650 652
72 68
589 590
56 64
259 263
706 714
653 660
530 524
772 767
414 419
499 502
337 340
704 711
789 786
772 777
322 329
531 525
481 477
433 425
432 438
885 888
782 779
575 570
225 229
118 110
684 692
116 120
883 884
259 252
924 917
439 444
525 521
400 401
6 7
107 109
974 975
42 44
973 979
267 262
450 449
963 964
283 277
372 364
574 582
646 651
74 77
676 671
230 234
2 1
576 578
310 311
468 466
355 351
718 719
679 676
840 845
947 950
429 430
112 105
207 204
489 485
861 856
211 215
694 686
417 409
267 269
451 445
472 470
13 14
596 599
625 619
262 259
956 954
166 168
834 826
546 539
795 803
766 767
90 88
22 14
85 88
609 613
841 836
131 139
312 315
150 154
860 865
583 588
102 105
216 214
462 458
339 333
244 248
76 68
242 247
620 613
345 348
378 372
846 839
666 671
771 770
175 178
195 193
862 870
196 203
713 711
754 762
189 188
895 890
873 867
150 152
382 384
312 304
748 747
299 306
495 493
901 909
447 452
910 904
816 817
233 237
98 99
408 416
389 390
282 288
99 103
926 928
181 185
698 702
305 303
694 696
805 800
820 816
56 62
280 287
900 894
623 620
246 250
19 25
123 124
577 574
353 349
404 409
953 945
831 835
539 544
177 179
206 209
656 655
64 69
490 484
290 285
104 106
258 255
586 582
673 680
500 498
720 712
224 227
448 444
51 54
726 724
467 459
187 181
119 118
458 455
104 97
518 519
948 946
911 903
364 369
431 436
200 204
776 775
194 190
121 119
843 837
114 117
717 710
462 463
84 91
57 65
423 420
199 200
317 312
549 544
197 195
122 114
918 919
761 759
604 611
337 332
933 935
708 700
195 201
40 37
288 289
93 85
621 618
644 640
631 629
35 37
505 508
506 504
300 294
669 661
488 494
365 367
12 6
597 604
8 2
638 634
83 86
328 334
357 364
50 55
244 241
673 672
97 93
625 630
925 926
460 455
471 470
130 128
43 42
897 889
440 441
58 52
512 504
694 697
746 740
964 968
963 965
795 793
563 561
126 120
631 634
706 712
370 362
902 907
614 616
796 802
864 857
619 626
894 889
231 226
541 547
258 265
884 886
675 671
69 73
243 237
461 458
961 957
531 532
852 857
218 216
4 6
163 158
403 407
357 358
303 309
182 188
543 550
360 352
839 837
524 519
27 29
736 732
499 497
66 67
374 368
682 674
151 144
76 80
510 513
526 525
244 246
434 430
558 557
350 354
365 361
274 280
169 162
46 41
322 327
192 186
850 858
3 1
729 730
692 698
851 849
893 890
291 295
343 344
434 439
553 548
756 752
88 89
173 166
306 307
555 559
633 641
624 627
51 59
778 781
878 879
931 924
875 871
743 736
910 915
960 958
469 468
597 594
15 16
137 138
61 60
647 641
295 301
275 277
515 508
629 637
558 560
452 459
616 618
184 191
157 155
849 844
742 739
815 814
47 49
488 496
580 581
537 534
618 624
688 693
362 356
272 273
749 743
145 148
677 685
146 145
21 20
233 229
316 319
214 208
957 952
341 346
806 808
609 601
280 284
409 415
591 584
924 932
533 534
241 235
333 336
110 103
794 799
936 939
765 760
958 950
314 320
923 919
32 34
49 53
587 582
285 277
790 794
276 282
902 906
560 562
426 424
541 539
17 12
69 75
420 418
447 449
34 41
503 499
837 835
716 724
87 85
461 464
642 636
393 400
421 418
162 161
738 736
937 941
35 33
110 116
303 298
677 676
199 193
181 177
140 136
912 913
738 740
509 511
140 144
535 543
697 700
790 791
77 78
44 47
31 39
658 656
164 165
830 833
945 947
399 406
505 510
902 905
434 437
493 492
775 778
251 257
593 590
691 685
556 564
757 758
734 737
750 749
843 844
294 290
873 878
222 216
465 470
661 664
94 93
564 572
788 782
872 874
148 150
159 154
869 872
99 100
569 574
692 695
610 615
337 341
797 800
614 608
588 592
145 144
875 880
893 899
883 880
382 381
886 891
585 579
902 904
828 836
243 251
274 276
944 940
544 552
380 379
963 961
846 852
10 5
265 266
548 542
533 532
834 840
371 376
404 397
398 397
629 632
633 628
796 790
456 448
575 583
311 316
871 867
622 616
79 71
126 133
533 538
129 132
251 252
807 799
729 734
835 838
962 959
963 966
853 847
739 735
324 330
314 307
806 804
744 738
377 374
640 632
76 81
855 847
955 953
394 392
214 217
485 492
772 775
152 155
929 924
437 442
238 239
319 322
856 848
338 333
387 395
829 823
650 653
910 916
179 180
46 50
604 612
479 478
52 50
155 156
975 978
261 257
485 479
731 732
719 725
721 729
174 166
670 674
38 36
27 30
970 966
252 254
886 887
331 330
511 517
5 2
886 892
780 783
794 797
208 205
527 535
966 973
20 14
804 812
387 383
158 154
135 137
