980
495054 79681 193428
630845 962957 551191
879023 983009 962592
28015 759620 364533
956201 42050 196229
27144 596922 890243
396766 886497 40600
450372 221729 831355
111207 376779 667368
474207 932318 888411
731704 945872 486591
443631 576716 968047
994822 455738 951056
475912 483753 710675
358944 439953 271225
555174 985597 868147
963916 382362 273142
523016 351233 494872
354370 980940 390150
21738 455146 322468
910149 705349 268339
396740 667480 363554
364786 180800 819292
834341 656713 821544
545016 15656 779996
816241 89329 284091
684387 571745 184952
957529 94760 536186
970900 449130 35624
361050 470868 9270
202017 899517 714619
988856 814756 900598
352409 698041 81398
690200 532382 738111
30242 595897 272266
810238 412137 880096
612828 615023 451840
797780 91050 546600
852465 580450 995730
888090 941500 985098
897360 662016 884614
130477 650871 217868
31075 3279 915909
630973 693479 448290
369083 723721 44186
159848 52457 974823
39943 665285 589845
491783 981564 199395
556882 352528 779845
552612 240617 239843
56208 656476 901859
459321 305452 552729
677189 855027 74507
593097 485999 767986
41387 373581 10205
604073 533430 581162
578896 91872 764946
687240 102155 746509
886635 659037 99036
184978 730148 858153
943321 786356 33127
845179 245676 857080
916407 922865 712106
990914 34461 716605
277398 594348 90185
806103 198420 142114
387264 777316 752487
152209 464556 854642
417218 869690 513678
34753 573168 762326
411406 516488 548681
963033 880167 312857
820112 796573 754221
50717 787487 788682
285821 583384 383029
894506 389487 581450
36620 776751 877265
307606 447460 860320
162247 383177 248509
194424 936430 821677
956750 347835 856664
23930 829368 736830
336787 649479 533403
91007 218695 839389
398189 23015 422772
781218 917522 330758
881167 472641 626009
758432 780247 73468
137250 460993 975145
385759 655417 911574
725935 130666 777909
101098 154596 607276
837928 491383 775254
889830 100889 993950
247717 499078 16964
188989 798796 934486
519747 679962 925626
145755 956893 705872
737723 612643 166864
712867 998402 822282
624441 242836 471447
402349 343934 626043
528124 700361 635925
303377 590191 736814
297326 356407 754392
832791 545396 553187
285775 65143 751648
211401 210898 227040
917273 948622 839683
602637 179987 356583
943418 804428 599419
414864 725276 461852
40906 253399 162213
195330 556777 270903
450643 372602 145809
205034 723892 691206
276720 9667 274848
28368 221068 485746
255408 656840 952867
95090 259476 132854
970173 721393 455781
569592 136256 699557
549943 695662 471455
230655 890992 546731
20057 341635 437833
165867 65168 161724
857073 341889 171391
131920 370257 910959
136165 144164 86298
607532 757754 864274
258885 727926 585667
233165 816017 721923
451221 365960 417585
922677 115114 827076
987907 135172 687210
425739 301039 752379
587464 676611 94267
277354 327030 983024
706813 981695 127187
793111 107725 884941
657384 366610 612866
243050 118275 428883
483473 569496 313342
419557 10671 428456
765132 998579 82127
452342 942817 383166
723220 530280 578276
817487 326134 423805
319009 32946 924000
964696 826057 31724
368135 1939 916835
981001 763490 35109
928383 246962 123104
760224 185018 133776
707180 950150 650854
789307 402491 593670
690973 125710 123950
269248 461696 450084
211553 299204 483030
135552 263899 827586
685776 632034 829525
602610 131534 593014
156218 578416 358475
279323 338640 543493
413099 45819 493643
582452 353625 896134
176121 44597 540344
818571 832346 2039
268654 43898 819744
270183 697950 83642
616268 383725 715677
445793 504835 847211
557306 661053 944126
915782 940376 282765
977774 871974 847084
471416 454425 200709
886050 149046 245306
426393 967617 77651
946932 754771 640049
766675 543453 856498
368817 159721 240223
84493 124013 745058
450203 681319 924610
912828 115599 383485
195593 93373 255458
561176 83288 228383
280384 969338 377429
525691 914230 863545
121841 379661 618315
280390 664835 161768
136887 33651 321489
895610 636644 445502
159166 605346 645320
83776 518174 279419
467261 232266 891292
241218 793442 493079
988101 592326 462417
884029 636516 895146
747574 758357 793306
365888 557246 458141
527656 694134 10291
367644 589743 646936
331645 267409 770781
976966 351185 288954
774884 336945 39719
184674 96662 351661
677753 84763 943987
658669 968792 580502
553815 234864 857358
865620 600753 414604
323760 646908 627237
852552 533052 735479
17986 864697 2887
788767 360161 872572
596221 135044 209516
154439 319718 306179
506100 997472 909442
450086 656140 396732
549087 728454 631597
406445 594074 750849
339548 436333 916256
485284 288884 449307
220762 825370 314004
742150 614137 674165
614721 728857 809210
824238 883296 647427
648916 389396 163397
558357 357981 819538
955089 425568 66490
105184 350512 660564
856033 690060 615397
772289 175343 422780
221595 914605 248150
54098 656754 862287
728264 789975 109642
55972 614212 992938
703399 781627 900833
866797 339983 258814
204833 813571 684382
789823 918756 34893
968887 293287 243452
584283 584075 937295
7062 324170 851899
773712 378268 27152
154497 106531 817127
264139 681003 949838
257077 902902 731464
157909 288197 589946
935223 493030 922016
619604 282852 359270
172996 251738 652558
934948 354520 236632
872242 880083 560802
242640 653794 939071
269792 808292 564101
605418 590930 245104
555255 848007 666505
805218 524416 954702
395163 459638 447731
835678 597742 249082
194948 289237 19320
366005 224185 892340
602637 96426 772422
681939 339066 944716
139508 127357 271506
222108 732775 862436
985712 288029 228942
652216 93246 753358
606917 6908 731495
573147 842587 847736
822230 556034 136973
360049 922039 361158
770888 43174 976084
543310 725113 315150
6524 383120 961007
278030 605229 693782
658965 590940 981811
887907 243156 593557
159763 850073 118964
891259 423220 480050
738994 763949 36083
394466 642497 476621
755624 413384 519796
731708 475193 763408
565357 481717 665028
526363 278246 270256
738644 937212 379695
720455 343617 141350
832511 503381 991424
951475 913139 933143
950025 170631 215590
986108 565098 858087
981229 839221 789970
19523 89427 265163
782931 654784 265379
447958 699647 543626
236713 956790 999337
134908 677244 342953
276258 28253 846334
786181 498228 277971
719323 448252 448603
453412 952859 13700
829998 934087 852921
619968 953610 460848
403630 255040 115631
669009 221497 333777
212634 458211 290567
211970 593119 486310
73423 387876 33063
438256 174057 531291
716228 411879 498042
164830 865292 450900
697030 695289 903487
68449 833756 857096
529297 237385 630635
163428 424894 852133
15704 637528 828843
824771 367998 940461
829581 959921 328336
862644 398176 502393
912434 114403 914273
410475 797733 298063
379874 494762 511851
283360 81711 345607
658956 611008 101491
289590 774436 526385
141722 308640 682413
489064 133410 50410
429524 962991 10330
276360 825634 408506
297252 256566 41409
211524 667041 839142
28086 46915 852404
539938 330275 934115
885545 989231 63621
987036 797321 356557
513421 939043 665197
195833 946607 798607
764743 376130 280097
293572 170989 624230
220577 468242 880797
261986 198265 66336
619628 226352 113251
990531 766290 962027
924645 651834 469756
506765 157368 267076
863322 670789 724619
528518 385121 671225
845625 668363 565854
125721 961935 736844
749951 701012 205085
630747 481497 403350
697084 101124 629702
328834 91654 914491
809360 534798 566324
279116 41563 723693
64691 904885 912981
789310 951903 816602
979034 797527 484964
544888 923248 965399
800231 191697 666410
523815 340944 147906
445664 556527 767531
593866 885361 377684
508356 213220 430982
74680 492336 472545
316872 557027 895929
748352 864837 366330
83452 362369 163856
568417 907257 605603
52314 225986 797301
237223 268300 656744
903629 713965 213270
189658 307830 617130
567343 334685 830350
998325 927865 841185
989369 244736 916712
403796 511588 781548
770127 595040 143916
933983 681956 569673
58085 734270 314158
373885 489992 582459
30628 393621 814923
762398 583279 641252
379527 669121 975937
728377 185944 903802
569561 175312 667037
486272 97608 178624
786319 867735 292164
448735 320216 974120
536907 378301 226889
851065 270685 716881
952023 301313 629001
766945 582210 730780
408196 961738 399900
902633 690114 585845
806434 778174 279656
991970 264446 377264
689094 569264 244998
981258 17998 83714
955377 73404 980515
700765 442969 251200
936146 394991 71012
565146 680436 653223
814425 607131 614960
732825 509763 823573
318669 316196 120245
116824 826666 903191
12588 515759 472455
776086 497016 8952
859800 970892 82357
840315 190156 525326
610014 126301 438816
681026 209946 119251
334248 24371 726383
467707 757196 236145
809779 594364 70841
930025 711188 897507
351714 242275 931765
824169 18361 428780
351621 878161 918171
433978 236974 108326
477803 846988 234627
916619 528014 444574
35870 380761 987445
280752 366968 744640
516897 176746 339003
106237 625270 568690
522243 976985 329465
454007 319652 347826
882787 671273 225986
319457 623750 981461
946283 101552 346947
180910 536671 393460
143983 91040 774222
131427 371792 659689
394566 407188 836435
252068 513426 980205
339257 35668 475688
668722 489676 795340
16547 890962 985113
761034 728918 608862
260993 675201 228914
607940 374610 284084
1400 518593 375124
775622 168519 746916
435310 81584 672603
790244 333652 186028
288947 191408 740197
764635 860131 748372
78474 395177 157832
582086 156210 886751
190947 417203 561951
938361 25143 455060
222444 545043 492152
597568 320664 660671
862983 274473 260754
54085 583216 112905
240113 390663 304313
498809 155297 164443
247180 752271 559621
405013 334356 234330
810263 43803 170033
890713 982164 713676
345772 723108 258718
837924 839175 97881
498594 220657 890854
277847 274742 992569
390752 33354 383231
695065 532164 57028
378008 297843 809299
456128 221355 662155
208957 31617 705958
378990 922330 206620
611165 268101 448227
388382 106024 287402
486263 123117 508059
895616 400964 301300
888185 310215 334654
789915 5280 866818
846943 383288 164661
174741 357915 904516
836896 566872 936134
542853 945863 376962
267972 75526 645064
716200 463909 269587
3601 468671 392705
30159 364287 312168
331459 770971 622384
666113 560885 146163
51430 407828 47950
734591 582569 405865
639106 937964 972737
575239 480816 918599
952202 748788 512625
115764 983487 976534
385351 987088 445204
296555 535746 327990
127223 867205 98960
268106 533318 178345
414269 103247 104672
980719 837838 687241
386583 476943 143703
359319 570682 624519
796418 41382 891806
309042 675646 875293
804075 579496 380879
249278 876052 916626
577269 521774 783830
194728 789880 835647
373073 722648 457393
477745 221865 295230
683485 608448 290673
827188 486266 861355
970206 282683 421236
862012 110224 96881
255803 914299 676377
155181 682077 70927
71806 259345 592701
374136 454073 901080
728282 827147 142226
185675 823391 364091
480905 506876 491038
771578 334063 977305
151431 304269 778487
572667 684780 888712
188047 459082 321509
864425 614263 3585
453851 686070 781430
565052 578705 754003
984631 306986 99648
126857 11160 923039
9447 492066 429914
500486 782143 282477
996290 452074 586746
774776 24740 790025
181986 731288 249106
503496 595712 863369
25580 568062 67937
325510 133113 165141
79512 117744 990628
179160 763101 1787
102198 772548 12352
50612 791533 794496
333089 787822 246569
438334 81097 789809
228358 263083 521096
995964 285078 635307
377831 829159 203369
964269 154668 854982
129409 752680 972726
120036 931840 735826
121824 552537 26873
134176 121648 336905
447171 973237 643227
212239 411570 724324
520548 158427 505906
560143 154390 309484
713950 50721 138642
917319 14989 811810
772300 662898 564489
263525 782935 14827
517850 423258 85863
544723 75933 207512
881629 41604 180748
524855 772343 110818
767678 292890 269245
273583 853034 942136
583067 566983 992857
721709 2800 526345
52017 293599 189242
616506 557124 490676
149832 593474 432433
235696 138196 26866
443208 538324 68470
142455 63178 359312
253273 830856 652203
522519 622939 23735
983154 206005 109217
976010 446214 112017
20853 498231 924116
728595 633237 999740
219271 783069 593213
170203 18764 731409
197069 980472 788233
784039 122927 851411
143351 376200 200766
314053 417218 823705
337788 400371 548209
447005 894880 994423
77521 434232 11153
1636 162827 644390
519875 382098 945958
113087 70800 964723
362996 267870 945194
151228 570408 586620
521138 232258 481320
721904 546311 898538
64107 884099 817409
612317 849603 230787
125238 927124 665020
654891 447260 827847
299280 967135 728444
245238 598722 799244
728460 961718 585613
192152 631445 156021
778773 152582 388279
260092 392986 934591
677129 457093 337188
494537 587909 705291
725325 231647 632414
908844 886538 598173
736690 704318 83807
465133 468055 682529
264376 196514 162745
849990 907166 794190
524510 685938 465271
431288 464529 858257
365878 141658 833850
221566 154694 421758
926857 398518 171904
77769 307361 58442
675943 562550 762760
278249 27682 230814
479277 810559 945828
642022 179047 852993
954711 703557 57430
419981 134844 521959
796738 19222 182116
630587 759288 336811
570844 686144 253828
742749 763913 561190
319690 958355 123739
82449 755103 669922
831763 234379 998980
296089 394900 178026
149081 868110 400082
206511 806591 53425
246970 603328 72647
429086 752414 350434
284396 323257 36577
56724 584505 318990
617914 904195 277344
260152 505143 550947
448573 855405 785326
447552 151493 698726
144077 300575 566835
544159 25585 373425
116084 791055 495252
188731 738641 247665
57665 541536 89422
94242 598260 673927
413232 734673 578122
209076 513325 601764
760023 961898 457169
63847 927950 608662
762573 72026 427736
847908 134685 971822
739832 250769 281375
235084 958000 20015
1248 15664 561552
90670 109907 159811
764598 41638 894485
861219 769214 407809
981482 47735 888206
438650 630083 816155
565812 911155 406681
512047 759062 59865
483868 498894 310634
765244 252477 268633
303758 253725 802798
865310 862896 431204
543621 627493 472842
438105 7210 760556
364413 507191 326790
771118 945842 956873
105772 30152 868028
512453 542199 145588
572318 544567 162981
401451 309810 415458
670084 613568 187683
991381 997378 50578
422584 540998 196570
413926 497602 203780
174481 862015 229470
501271 633132 175311
976644 738904 723963
844671 769856 266162
990259 860673 810729
153240 262123 639038
87197 450707 771105
274880 442087 768482
325458 864672 309479
522028 797097 325580
244307 971578 187594
473778 991348 339226
167588 486490 596629
891552 331160 884985
157713 839919 745657
486941 511658 526280
125978 598855 976987
897083 392235 937573
184064 717693 320743
12042 758221 117839
337623 2527 607916
43716 994805 117763
901442 162393 604253
498071 53944 935414
901555 730157 293831
647211 735597 323988
691990 861575 441342
668976 277156 833577
606549 461220 69769
445791 991763 827990
563631 329385 349016
171546 373101 343821
289309 274543 506214
893563 291113 78657
347475 192667 327313
159805 358377 62909
483793 50367 924484
925135 237842 720139
277211 362890 699859
346980 808682 691621
693469 372312 539505
42484 62357 912606
386305 351667 705648
892519 763729 515260
971176 629703 707927
298488 308007 584804
879897 791800 153670
804380 235433 391512
43018 31143 272902
261376 378123 81583
952997 590091 972395
492501 632576 34751
923606 18880 904918
629254 911400 187145
144513 401074 335347
370940 218062 643354
474243 97958 953653
627913 420838 707586
537924 982356 738729
810826 243731 635352
410908 196727 225442
383302 207727 858018
936554 131332 876899
359970 279085 306797
65615 942099 226370
400962 831538 444432
44316 305780 60890
997969 933693 481728
705554 990116 464083
962783 800942 226313
598134 211849 423040
823576 113651 149266
200093 568704 280598
76991 447173 78183
902288 512788 20281
128657 913751 370318
91589 476566 676098
152479 993034 128289
152706 217087 118404
135288 179869 437845
361601 296502 168194
303140 120077 800345
452406 320170 369048
733004 915661 816221
811187 817948 847509
349967 946606 761259
720285 38194 756324
914882 709173 749357
43170 861879 966444
680075 515666 664812
117919 877267 961314
286113 180406 599891
86457 632812 438560
974005 884315 354221
308725 214001 690668
156233 563968 155772
435991 802753 712466
192314 717634 421638
460170 279304 802016
945114 959379 317681
609925 595797 194947
89738 881911 375353
689629 486867 526664
128188 979372 410979
908 806596 624980
691577 962829 707447
847349 917319 510199
78314 109632 746333
499952 88301 25636
820468 33414 503514
138148 161839 99310
333096 251577 499720
226948 459705 505087
272112 587893 2957
683091 107301 809553
826570 317377 290880
52515 683225 208198
81214 761539 836330
827547 779991 924631
371682 600458 958046
393695 738606 638384
493005 590201 889961
511225 335649 349665
16311 607761 456057
19268 809351 563358
828821 154419 399234
119700 206934 82459
846398 288148 362497
682727 115694 142487
125856 5875 742945
602401 399570 481551
240784 411075 590251
130744 922300 925900
998909 938611 52159
454966 957879 380009
536823 305198 534428
936058 943398 741363
537016 789795 29510
899513 991021 663705
42000 116876 188079
303444 719278 587650
784995 960062 998725
893746 609306 921024
819645 608214 378133
390304 63179 854511
770313 118502 678208
304741 573059 621605
564603 110074 929899
112612 528086 920919
294816 570086 556294
482896 873531 275571
589045 177024 754133
587769 589269 363438
27291 408914 971652
405424 317717 553331
778434 88029 190332
456641 911270 763391
78245 475872 873465
526643 106984 401550
966061 401800 490136
522354 884696 882166
316425 473740 577689
70557 580008 166958
952495 607299 94371
924146 531222 412088
995976 309655 18616
186307 284795 448386
949698 363040 924258
341661 408182 549741
261711 374242 951542
270346 896597 836237
671011 213021 828477
248699 802078 408484
415657 754572 534283
28527 197216 584004
440615 711692 412159
977732 897999 696954
426117 366196 578494
868874 226356 986676
418615 488067 360918
370156 276912 776014
724892 947923 507534
553368 196622 309611
480352 130778 582682
533134 159306 779898
117137 118420 491589
529296 96151 908088
744750 522268 274283
323243 391142 19138
309918 809757 25705
189335 698412 302617
965349 423303 250540
472882 495171 965662
300992 494022 614939
883674 27155 292744
182071 144292 411165
673660 192088 507316
100246 936838 548084
374529 778580 457725
912168 606997 785981
937873 796333 484392
240489 280180 426194
9528 271562 439864
493689 91053 933886
108628 974728 961041
401372 156798 623833
331036 348957 815921
356852 449204 271257
904936 342232 568336
881160 254399 175332
667140 192271 490164
670031 951261 288844
614724 960789 78905
54588 972978 169958
988474 600105 663185
468014 1476 338482
91846 851013 687440
426266 207864 655143
216022 631299 997375
784358 512458 770274
478189 179597 481044
486853 368127 432304
775697 982851 911593
373101 37438 884570
543059 544412 484674
206244 530925 4649
544726 622771 374161
750665 567536 582025
924307 783558 213323
921682 86414 725781
210454 83102 423877
691498 569955 792004
642302 864151 774855
553894 237251 330792
956963 298810 393703
960136 23553 924628
483284 86778 65897
857446 837444 633433
439470 761750 935490
171293 201930 540403
897074 930884 623506
839451 622382 711960
631454 264683 94610
924808 337076 850361
774100 294038 149170
167802 772673 172723
610930 255956 259502
676827 113401 615445
828760 71371 377194
764249 242664 97624
823152 658237 28507
965157 497687 169388
677116 647641 952571
771726 90947 289646
622087 865047 102183
289756 32849 874856
462480 162278 130812
240481 839105 762713
855926 667864 834084
751619 950613 595247
849243 773764 253484
396250 738920 269670
565638 934535 917311
36708 224760 8258
326354 365346 873305
947038 655102 424653
340392 117581 586931
989704 876562 944536
752417 732487 130898
104999 484106 81510
700247 851848 373773
472230 248097 631192
741900 332235 565727
659211 368943 308986
185968 213796 674332
577772 160833 329433
520925 19725 965515
107855 9428 842076
570890 280344 574563
701789 385344 577168
783299 604090 429015
675572 76319 677113
306763 336718 9347
390989 514428 896790
699975 700396 110585
374306 796668 789919
222239 317592 809644
187753 943947 337571
29828 514837 617916
122890 216625 521759
700058 518423 644348
129073 712494 239166
324685 19257 575884
852532 928746 90312
749321 147220 309207
859906 521526 105874
29 25
312 317
183 190
398 392
866 871
867 865
722 720
352 359
829 824
645 639
68 66
972 969
129 135
708 702
745 747
523 525
576 575
69 75
440 448
857 854
803 802
73 78
864 856
690 684
668 670
18 10
429 421
152 151
165 164
483 485
580 588
568 569
280 286
600 606
115 107
19 21
91 84
510 513
759 758
394 399
22 26
275 283
361 364
769 773
321 315
540 544
628 630
786 785
28 20
256 252
884 886
23 25
213 211
49 41
789 794
883 875
84 90
334 332
826 822
39 37
821 815
582 574
227 220
458 463
503 508
208 204
92 94
950 945
830 826
720 716
333 335
11 6
843 835
203 209
967 964
268 267
54 59
559 565
556 562
271 263
46 38
430 435
941 945
935 937
272 267
874 877
212 210
214 208
481 477
327 329
253 258
736 731
367 373
260 258
392 385
417 420
633 641
971 969
629 621
33 35
956 951
175 173
870 862
940 948
712 708
402 397
44 36
413 417
510 505
437 435
199 192
424 426
120 117
40 36
448 449
176 178
615 609
800 794
320 313
108 106
771 779
868 864
633 640
1 6
348 347
336 333
545 548
517 516
768 770
102 96
31 27
475 474
169 167
479 475
797 804
726 729
792 799
528 523
426 433
156 149
477 472
228 236
451 448
787 789
929 924
340 332
836 834
944 939
435 438
382 389
427 431
801 809
639 644
585 586
754 761
873 865
264 259
300 304
230 233
478 471
98 100
523 529
240 233
808 803
407 401
715 709
484 476
652 648
768 771
876 879
835 837
656 649
544 552
768 761
282 284
516 511
342 347
730 724
635 642
789 791
840 838
531 536
902 894
113 112
726 734
85 77
362 367
549 541
723 726
397 396
631 627
722 727
77 75
515 519
973 970
351 354
137 135
643 648
819 814
880 877
145 148
774 771
975 968
890 894
368 370
943 942
431 434
613 620
234 241
460 465
508 514
760 753
795 792
333 330
658 654
408 400
608 607
554 547
140 135
568 564
768 772
228 234
220 219
724 721
487 493
402 410
54 48
497 494
908 911
526 527
550 556
899 896
538 534
458 452
353 347
279 273
213 221
251 247
230 224
952 955
486 490
377 379
354 358
746 740
298 292
668 661
968 970
99 101
184 185
673 672
293 286
700 696
802 800
844 851
824 832
551 546
806 810
405 411
690 698
119 117
703 711
456 451
1 2
658 666
235 242
575 569
469 465
151 145
862 855
703 696
850 842
56 51
138 137
436 429
549 553
221 223
413 419
38 43
607 605
749 744
499 502
741 744
140 145
166 165
655 648
494 501
560 554
869 867
687 691
559 557
276 278
476 472
701 704
188 194
721 716
366 365
906 907
397 405
759 763
13 8
246 243
22 15
928 934
273 276
381 375
879 881
155 148
719 713
54 60
453 461
176 181
428 430
736 738
69 76
744 748
835 828
853 847
42 35
542 538
572 570
21 24
805 800
929 931
522 514
681 684
157 156
66 70
52 58
439 446
798 801
732 727
935 931
104 100
468 461
242 243
127 131
92 87
41 38
549 555
464 457
235 227
822 827
249 252
149 147
254 249
941 942
73 70
320 325
649 644
167 174
547 546
550 546
365 364
893 895
887 891
521 520
247 243
901 904
545 543
265 257
661 662
753 754
112 108
657 663
238 237
515 507
504 509
348 352
600 605
775 780
556 557
474 468
833 827
440 447
681 688
839 845
27 33
89 84
279 285
357 350
55 50
83 80
929 936
579 575
504 498
349 342
279 281
512 504
558 551
245 253
352 360
676 681
368 369
103 95
179 180
796 798
757 758
353 361
584 592
916 918
307 300
730 731
965 964
966 969
660 667
193 198
842 848
553 561
617 609
111 117
926 924
206 202
179 173
97 105
9 16
893 887
192 191
867 875
714 717
777 783
493 496
412 416
686 687
919 917
884 885
950 953
167 160
104 107
637 635
755 751
959 957
215 222
946 949
2 4
155 158
15 23
695 697
90 97
951 946
810 811
451 457
607 611
390 385
462 460
630 634
291 286
675 679
589 581
828 824
504 505
840 846
49 53
563 560
127 130
290 285
488 481
93 86
66 72
409 407
577 580
581 578
498 499
723 728
345 341
856 854
494 498
527 532
627 622
261 266
683 677
395 394
40 45
938 934
814 816
511 509
846 852
472 466
422 423
966 959
415 411
537 539
686 681
187 180
526 524
652 657
736 739
883 890
262 259
398 400
274 277
351 343
626 623
186 188
396 392
443 439
88 86
79 75
874 869
570 566
441 439
413 414
64 67
674 671
176 172
613 608
631 632
661 655
559 564
123 127
195 188
887 885
203 201
334 339
734 741
2 3
66 69
834 842
677 671
273 266
853 859
269 263
136 139
78 80
714 708
471 469
378 374
678 677
355 362
933 941
729 733
979 973
565 573
55 57
116 118
147 146
537 531
685 683
976 970
688 689
316 313
855 863
653 647
190 197
40 47
26 27
332 325
287 281
687 693
571 578
603 604
699 698
601 600
574 573
940 932
537 540
342 344
249 255
218 217
232 229
528 530
492 491
157 162
616 623
404 412
767 760
571 564
327 323
158 159
771 776
639 635
618 616
966 968
583 580
252 259
787 783
427 421
960 957
859 861
302 294
330 326
441 444
121 122
383 386
535 532
750 743
53 61
186 189
161 155
368 375
311 303
124 118
99 91
806 798
898 894
383 380
589 593
901 897
912 911
299 306
413 412
462 467
605 612
622 628
784 776
438 442
503 498
643 646
210 203
876 870
71 74
258 263
309 301
911 914
669 676
619 615
875 878
225 228
624 621
486 482
844 847
445 452
144 136
416 418
978 976
399 406
585 578
876 884
974 971
399 404
585 591
781 774
201 195
337 338
952 948
138 146
561 566
810 813
63 60
917 912
322 319
621 613
249 246
347 350
326 322
487 482
610 605
237 236
488 489
58 64
543 540
753 757
149 153
296 301
785 788
448 453
218 226
744 751
908 913
884 888
287 289
415 421
725 721
669 666
385 381
518 524
130 132
831 829
13 19
541 540
523 520
622 621
306 310
245 248
38 32
460 454
956 958
207 206
764 761
165 168
520 518
136 142
584 590
43 48
488 495
225 220
598 602
122 125
134 130
493 500
739 742
643 637
527 531
324 319
160 159
7 5
425 424
961 958
825 821
954 949
433 439
711 718
393 401
945 946
185 186
796 797
184 176
227 231
752 751
290 297
915 923
895 900
533 534
872 864
959 962
593 599
466 473
708 713
313 308
865 863
705 710
636 633
624 625
614 607
422 414
15 12
306 314
951 957
188 191
459 452
784 792
85 87
86 78
769 777
61 62
373 380
9 17
288 292
311 315
600 594
100 106
374 371
604 609
84 79
8 9
902 909
793 786
169 170
323 320
285 288
424 422
823 822
65 71
812 805
133 141
896 888
916 910
692 686
377 369
244 243
181 183
820 819
660 665
289 296
317 318
464 466
128 129
262 267
199 204
375 376
721 723
598 592
939 932
655 660
902 906
133 132
221 224
432 424
356 353
371 370
393 394
846 854
635 633
34 37
973 977
782 775
766 762
245 240
880 882
763 765
699 701
849 841
768 775
591 595
455 447
170 177
796 788
382 381
236 239
172 170
109 106
166 173
440 445
920 915
917 924
395 403
678 680
762 760
486 491
944 947
889 892
336 341
777 785
257 252
819 824
295 300
577 573
114 107
219 214
95 92
807 803
492 494
700 706
328 324
832 839
546 543
866 859
440 436
11 12
674 682
482 476
479 483
58 65
10 5
136 135
694 692
313 319
211 207
835 841
148 154
695 693
785 790
340 346
80 81
107 111
853 855
192 196
121 113
596 594
44 51
189 193
702 709
338 342
250 249
27 34
200 205
852 860
388 386
92 98
963 959
921 920
164 158
200 199
213 216
735 743
164 171
275 269
26 32
305 297
933 931
160 163
616 612
8 3
123 126
838 835
533 528
816 818
897 894
115 123
587 583
910 906
202 196
389 391
343 341
259 261
764 769
505 507
931 932
20 18
752 753
282 281
633 627
368 367
61 66
915 914
584 577
310 312
445 450
306 308
669 672
294 292
586 594
506 500
274 280
980 973
693 696
45 50
908 900
707 705
380 384
922 916
116 115
331 330
567 565
366 372
470 467
217 211
635 638
923 928
147 150
475 480
393 389
597 592
834 831
651 654
8 14
295 294
920 927
899 903
215 213
709 716
36 31
858 851
82 80
888 889
90 96
740 736
744 745
666 671
110 103
928 930
363 356
178 182
224 229
513 518
807 814
737 731
702 696
454 450
675 667
705 704
143 135
355 354
5 2
603 595
778 770
428 426
727 735
925 923
646 647
664 660
647 651
337 329
291 299
303 302
387 381
52 50
844 843
650 645
756 752
809 815
266 274
654 659
27 30
815 822
262 270
959 964
817 809
905 900
128 126
