980
217886 987275 468613
76186 153289 941627
176949 519092 468976
146733 465921 287029
797492 593929 69809
958372 520568 661150
580270 802433 496378
206349 367208 652335
575377 546364 661201
985062 898845 663399
676648 635231 650674
145260 711417 322462
605386 888366 841555
592862 553598 825975
879891 869590 938404
468199 827961 458971
129348 926731 779903
144225 133079 147110
315059 708456 693474
976261 693518 110818
158158 888665 746049
327331 552424 975965
649794 157809 382830
9847 750671 454927
835822 149060 324516
292724 617259 152477
751695 265107 79207
50096 409332 212286
197207 724392 439242
409180 219151 651259
38497 377309 539923
303045 704641 92346
797510 872934 250155
180339 882781 519326
635266 237101 668386
478282 529826 285645
149258 800020 550752
228465 850117 478583
959251 565823 721474
916992 493502 459124
568250 532000 354933
108172 353544 578073
719018 151053 451006
487673 331392 852286
6998 485158 89386
675384 963440 137711
479528 112697 937732
548779 859662 306347
27362 337411 872170
267335 772903 884171
726460 341152 934670
599892 967825 288214
177964 686842 439267
628970 174514 289159
999755 181512 774317
89140 375396 256255
226852 854924 887452
683083 403703 265612
989430 949565 121522
380098 216899 894425
264268 461858 235577
198938 61749 721901
5651 758213 408742
444918 905682 101756
734077 905436 283268
26892 994577 658664
801647 739928 32087
689098 941510 435790
954710 449438 385354
594732 348035 602253
489156 612303 582611
243232 329740 162859
965133 853891 921073
892375 298809 826754
994131 551385 732190
795898 578278 245265
973062 898424 503692
5148 587522 963701
440938 60730 413138
344791 655462 761173
465543 663118 891975
48153 906350 740215
211013 389982 594105
650585 282356 411413
995838 794986 962799
246526 109382 59575
491791 82443 957999
513982 606091 64019
996182 565528 124750
409319 910319 298711
688991 375862 480328
99465 942515 386678
358179 672027 295159
952284 322611 96014
882197 318449 891000
363494 564975 381
941569 575266 601325
899567 607747 207415
482086 603929 772944
125335 531747 201761
942546 220738 577623
422874 838703 38637
328051 196881 710664
623210 667664 33275
719224 549860 870224
128722 913354 953698
647603 373421 528963
767427 791488 655210
974843 273573 259138
266285 398908 790885
468046 341453 530122
564169 282826 887324
602806 610877 84204
313469 234086 751869
865244 471809 820228
735467 119030 252081
207664 285133 625502
736627 52559 416989
910336 545901 209061
169473 812186 607969
478858 798732 467922
527479 362900 750748
414803 965706 880125
17506 797674 114210
287874 662918 104519
108102 916884 742049
878683 124547 27181
22683 379674 79741
439673 290009 625642
648734 977983 956328
775203 975340 755059
761624 21317 117958
30870 954620 602163
910995 972127 399836
543705 778500 581253
648224 405101 498137
390272 283783 622684
935954 306467 520857
15694 264639 810867
159835 913373 307348
634662 207074 282687
389720 968698 822504
26177 999569 777124
146839 429062 267749
546676 972767 46248
127928 139489 451350
144564 48261 253632
285748 984215 78598
806605 518408 343237
135970 678243 775110
443318 312905 982184
244504 221124 469381
67008 765802 987449
362631 912641 416510
630380 459316 907777
676628 105744 47265
646477 250308 95526
418609 536056 598240
497207 861161 116647
840445 997131 313390
134053 440449 144794
634736 203452 365918
104116 788960 131719
610064 151590 562860
26574 781970 22175
934351 977098 646419
981616 142073 896728
595642 560682 951283
193881 57889 812443
310529 416833 809574
142418 550886 768522
287212 185621 490473
171629 808238 279433
821849 418301 431023
384708 444875 731493
406883 897725 708590
571802 397840 850663
987029 511981 411345
938311 705862 987734
269253 534890 404566
597326 677308 955452
884347 964520 659572
374819 654649 467809
654252 476497 404610
603775 861205 367984
335267 268087 265709
43856 358388 182048
413018 345416 694029
342862 283727 399890
330595 71479 453280
735161 668805 130587
209111 553151 613607
387183 446469 268255
373491 619221 263251
778101 222995 124455
146085 558262 911042
411794 120617 269430
593842 52134 614846
806370 394997 417072
724759 725592 488551
178038 979253 675855
827126 706863 747505
959232 94045 193974
745986 467537 331694
9236 245637 554689
133691 391722 631450
44732 322015 270566
314162 434356 322700
929009 240725 717697
864580 965485 961789
353131 662022 459540
547485 489147 684902
294990 966878 778948
7463 712863 764984
339157 722099 529120
412345 374289 439342
43794 419022 761357
314360 251683 714213
155559 699191 473437
391756 563771 957421
353544 435401 619443
331583 982886 627089
16484 796375 593967
313931 322337 306829
78914 179993 547428
608035 592338 921717
47376 154631 859238
327232 468991 110921
559944 624551 810112
33381 16306 892382
990802 888350 327782
128743 738432 829168
755833 273415 144041
868299 587347 466379
693627 184760 164871
759554 792795 757210
681271 358670 911841
540508 204402 899332
169928 764346 42381
498540 797727 58687
390921 307028 465536
237203 954271 203967
66370 228602 477382
728911 96900 583228
713789 309027 767989
878661 68580 79282
154369 749851 956453
66209 808859 160854
484040 978787 443699
526421 995826 759926
103607 386747 66953
569143 623950 21223
291609 208819 768326
768992 937730 865226
870719 651519 692752
638707 48678 761333
717990 203047 29682
674442 787756 838541
353795 271796 335827
797494 798217 331652
557419 901825 236898
142871 989467 860848
682595 281076 69666
450920 568567 525896
834645 439285 177414
527397 77992 226092
288729 314481 429139
318411 507422 735394
675452 379716 7189
11278 695709 323906
861430 253128 225730
98328 914499 215196
477675 597093 14771
547342 566512 583338
73237 401157 541123
769151 928554 137614
995243 735782 452095
942881 54192 478016
678274 248143 857732
203963 259421 553440
527869 639351 325067
272098 256178 239566
5793 733853 355158
20565 281194 921671
122402 872931 841327
663525 642081 769880
801139 155822 24160
253233 617202 78352
249748 813976 326496
625979 17938 104416
179419 64306 262266
22985 336404 518444
781051 342197 252297
136209 881262 51990
576379 3664 924922
417705 667189 85501
187584 468328 759824
211744 240060 377025
808596 8308 709500
653591 634287 245937
276507 332205 310243
538773 355191 646647
57217 136241 507344
828014 790950 388605
880004 367328 392269
804925 785033 577958
408926 491116 564785
168749 221359 804845
64273 548455 813153
773774 202045 965940
19710 997052 298144
848454 535825 653335
13599 111541 308076
520943 939555 99025
428048 819558 466354
338816 142982 769886
916774 70407 261002
57 239156 482361
804903 821929 30815
136554 595702 751361
102493 133912 748412
919138 982366 802736
572472 514464 914277
399047 35407 372330
498073 981955 191888
482926 320770 853370
252811 756044 923777
513813 756101 681432
514674 79502 503360
63988 734557 617562
333848 355549 751474
82260 274686 252338
403495 847159 766802
317772 764705 320708
690102 262777 302662
400489 745703 141932
772358 998515 897976
696134 30826 172575
896065 545500 252078
399425 609489 986635
16986 461836 342183
286959 544096 616870
539297 466091 982528
824598 783863 747232
145306 992464 528509
966468 911453 274211
108399 683810 791225
6374 898444 822052
697450 794508 886051
949528 712432 14038
454661 247917 475875
315343 534876 538470
932213 592672 4560
433239 935770 306922
698971 81075 299386
227479 47542 729338
20189 674442 931647
329914 199315 830090
670465 896765 143097
556515 364791 374028
570554 819452 140445
564928 134795 675321
103397 585507 786493
107958 537246 722262
414880 236216 321836
232765 982195 887878
480602 520883 80818
412249 850797 280134
760838 521261 176898
422434 77776 541690
314962 166829 879641
455407 731757 14435
649227 353653 118442
435719 461611 655688
676480 394991 410403
516815 146255 392597
923193 626858 431979
4010 557606 282776
802644 318443 322536
979543 259377 918812
39731 574339 85640
919372 29745 335896
452307 678972 689550
570749 633191 669660
744936 309670 583150
155338 344985 729406
66434 786677 874763
498413 790687 432368
299688 593331 269310
622225 91372 528687
541036 649603 621525
145176 87473 651270
999572 539780 330242
207620 629028 481932
877281 892463 310101
978930 47800 655086
708335 632734 441762
101596 131147 750949
52463 430835 862779
321774 571559 472650
368960 631095 122252
990486 776271 209725
160254 294341 268005
8995 501962 897033
490927 897742 307995
801029 876671 355795
974614 103505 988530
934876 205101 638176
685824 257565 587510
67101 97838 677569
539751 985298 308663
180502 975783 603433
390227 654537 897774
658232 663532 399735
73764 154459 815976
381759 473987 211146
256053 448600 314651
763082 383475 38251
919757 587798 814316
507267 654899 430653
184835 713149 415951
11997 893651 391733
615430 802378 564769
513203 979109 228301
431438 571372 901260
247413 953131 375246
977059 727684 823846
810209 9264 207321
848461 929022 795119
181275 954788 968518
611929 658122 681666
27879 670119 93816
938112 285548 896194
502881 317250 875302
731182 748688 446674
150940 514601 918304
526186 491659 164486
350031 301868 173751
75851 668828 621272
389470 850103 94558
357987 980531 752680
558152 8409 941298
651968 946522 745345
548161 967902 62594
941963 217582 329782
388636 368522 362882
825439 894708 373040
989926 244738 193407
163676 839090 380734
303447 228559 749337
398005 586546 729867
150684 144697 738277
610481 796666 203297
874325 863326 171198
936919 805288 388780
785200 712423 757302
666581 537862 652009
39621 527787 415246
751528 209962 254335
132262 513409 1393
881599 911414 587939
611465 580597 251136
868241 709577 566301
71537 583901 429626
242735 39318 753414
150014 824519 984336
907316 9598 522197
77823 567719 568483
11569 319247 778445
265904 970009 810353
267298 370106 240265
373736 500070 820862
143371 368311 530438
709672 439848 114338
657798 201083 672157
929711 351097 496675
914046 776913 24772
436243 854736 592492
4725 866305 430238
301670 650709 400246
112022 436506 288851
352288 328741 788921
691649 472113 157231
740587 181784 115579
373424 358081 835162
45580 287791 704758
60754 201837 481670
85527 638080 854906
678019 161304 239709
626756 981474 408917
545501 611996 845423
834352 964284 692664
623272 174431 164776
299003 915018 865060
414582 288442 223141
768243 852522 510932
473000 913277 712769
954671 998804 869348
809576 195321 549152
567784 822077 530625
976702 367577 142620
822124 720428 625403
514787 343699 318334
198062 642702 233351
63122 575783 40292
286263 344025 892815
315694 817026 806091
546963 290195 323393
416310 618270 518714
965462 186053 859290
14586 162754 745366
675706 503378 465793
301109 536664 327991
619443 734727 489193
371293 316348 64975
930086 121110 927501
822900 436804 263025
147489 502266 71719
989382 918577 689989
26594 402537 876042
885884 935623 557296
149748 611329 579173
615541 430937 115836
462031 568879 369062
951224 940172 203909
534699 870257 325019
980699 211655 280323
243723 877644 782589
315442 867025 219664
523930 893619 140701
918471 779502 76323
475766 447749 206151
54938 63289 637088
689275 43820 205966
576836 995044 146138
780746 48241 534894
624264 28939 746550
904587 791162 624193
205675 625103 9717
943839 149032 903336
84539 67503 682838
160863 61768 130586
367014 635207 712376
522602 324481 274695
728568 419816 269738
393205 200561 836480
928100 824826 865419
193148 247911 175080
335840 453586 800183
345557 397425 467715
767393 463 53717
450230 679826 633985
99315 46840 269191
330190 87941 112171
604885 816509 531988
393123 209714 732549
748102 656313 75873
613520 367960 323785
307099 222299 295870
107282 86356 211794
93496 853749 212258
147213 822478 892084
781198 440292 457423
568889 288982 545364
681060 412366 880373
731547 323988 90086
982596 72089 264898
58468 204109 151357
900753 511208 892156
196623 136989 978512
926917 230485 350759
139174 896198 173236
549758 677396 132028
7180 246284 421010
71044 445843 833376
951417 177390 157364
560002 678485 747953
824900 736953 952062
494756 637706 463270
386911 352828 600259
883923 279744 349244
234681 937419 245441
407918 487176 441336
539946 12855 206119
479455 83899 170462
312830 553815 866352
988694 113816 544836
736647 457215 281788
207207 951971 437993
670477 857382 309320
789236 741304 107564
656979 975985 44982
902420 902402 50657
862256 960847 582012
68374 440301 184411
238836 271631 738226
623687 778824 370542
168522 33969 827757
968811 241177 298227
925303 430153 674108
234623 219388 415411
860687 876367 909895
905669 297286 812297
474825 159541 773143
56836 746415 731944
241247 503751 522074
497973 127437 300897
868515 814460 334867
214770 783270 94543
31496 708572 524696
705604 461694 744085
639514 322380 138950
549409 228048 954736
880205 221372 632776
171846 796709 379191
903790 556455 401441
944363 54427 47377
245260 441441 861837
98626 656212 645106
711669 206207 872178
236364 911812 333871
498948 69824 656252
156398 619233 402799
111133 17936 624172
743910 189783 420880
641600 612072 977335
561540 556435 550262
608917 320194 991703
989254 937320 166413
152858 648988 372621
25035 885352 802932
358907 902800 391255
15158 59197 10488
417957 688830 546924
42128 951239 736707
981508 592838 348779
958843 672877 423713
509104 800294 743907
19305 789547 199725
185719 942405 848713
76839 967441 252563
398270 326347 155362
789525 860005 733059
318512 277961 421889
865437 838590 373127
602143 820097 484465
469421 297438 157341
411633 325041 957635
155539 344347 265680
873764 48565 208085
722476 125404 694025
975040 42173 538871
648901 831698 398875
381960 150210 195335
322348 534146 33924
695475 654788 372521
698439 642709 669959
855781 54341 513500
331914 728381 857847
597595 602144 424911
324179 324620 550315
18203 818159 110987
75573 985559 942685
992948 886018 611394
188282 208365 145539
740707 422340 800328
631727 120778 443036
820185 976559 15876
333684 826973 744257
191530 943067 346401
616441 267245 189520
685255 803948 7678
796242 398020 511736
257426 390967 397754
868820 579249 606119
532859 838455 546958
851686 470181 667737
813221 290366 162794
829097 624050 989767
573354 334080 932833
438254 469020 718577
627774 672775 522524
153951 469016 920544
665687 244941 830010
581940 113761 409259
188059 165119 766213
735017 16804 236394
921253 348524 45259
84047 177620 669309
592313 269473 521888
43645 707727 990909
762222 335500 663683
803246 7950 651198
242288 673638 896140
72298 255577 528400
56 962136 212018
766269 215652 228822
521162 655404 577346
566421 739451 273465
754230 850264 542939
276117 893909 250665
267025 656130 104665
449207 459375 631115
100405 220163 304752
515044 292461 78829
561943 811017 559464
773961 577285 293615
2782 616947 949020
98627 183367 206969
372092 937597 57232
433530 732214 951141
202695 999239 125770
307360 966946 103644
938475 67350 323807
761727 100893 134767
359055 662836 945784
437018 436796 41568
730634 958078 658515
198152 56704 360381
405121 947296 816478
980854 380826 548691
931994 102020 66428
576263 409380 33373
679908 866354 619223
3714 146579 720116
138482 505634 382951
84265 461152 338246
125833 710285 296323
302847 908437 871527
663229 832057 818823
998206 812910 718148
65395 263403 820168
131823 839666 748047
683697 519573 132899
302919 523288 279479
541535 180269 303612
442985 264534 764764
781232 908868 475048
77554 730214 901984
467581 911942 734041
804903 910147 65449
523050 975542 328852
861717 625865 687018
128262 828061 725090
261161 649479 766877
59139 191013 947146
362752 152498 730180
646015 933730 157546
639563 529783 887760
541546 997364 799702
794086 802266 709848
859536 843815 203889
706887 224030 348253
912404 352292 176313
637494 131953 825792
404370 191092 535305
870016 72343 687803
600195 236858 140031
757741 876421 669814
645500 936466 185677
963701 730552 506442
192048 108586 868757
395937 815473 611286
262689 727877 963579
439002 883870 614031
783293 806739 323622
318597 676754 395966
6399 276948 151323
146430 553188 27743
334744 717188 964209
38920 680888 213259
63861 872936 321845
932618 787372 655818
543904 50060 902194
25981 7561 786063
640012 790855 592801
482133 109451 269555
878099 634351 65002
29421 299280 618191
575664 634024 335378
58372 672944 534765
790131 736806 407701
111976 187922 195072
286293 250325 763633
188486 276306 771194
974549 434817 562048
85848 916951 189999
873903 313548 824350
938906 861470 123629
75595 955633 276153
929473 14004 467596
464237 804136 722901
871938 434611 910824
585510 720904 679648
349142 427889 955955
120335 920937 909271
200883 6784 344720
909382 880688 658269
252230 338092 38237
894359 413687 993870
170511 343159 7874
638108 325895 330509
879508 197833 283619
790331 301842 523022
988479 650984 950911
944433 289818 871847
372202 9200 878631
716923 918582 277817
893691 170811 615909
931928 583670 548095
925797 754181 409753
452170 910788 735649
782679 790296 451981
66297 99125 753823
589319 87603 923306
58728 550535 731623
930575 922738 259323
327705 158159 696404
605522 51849 385715
739931 983777 969385
288025 909573 723565
697779 361743 634353
951927 662921 943148
403907 247718 42272
676229 355536 129876
118033 414265 680411
368155 344839 121647
627478 672544 279806
323882 796566 331655
709597 536496 315431
678981 343020 743504
921045 559298 623746
73896 511224 286666
17043 433630 52883
59316 628358 408420
707692 746391 822685
388102 633046 686023
28249 260523 877067
308055 102904 192131
639711 331000 728627
473641 528480 590146
217144 449525 149444
359389 523421 660668
164555 58964 612798
217438 636780 241155
625858 344471 506046
967042 251072 139091
171564 279321 399614
567130 587377 21018
759261 745587 352018
6386 219227 880499
596532 954872 330023
264475 314260 371943
443643 478815 949407
56440 214753 586186
297595 840611 930657
803641 326152 700229
942732 16215 979550
860846 583345 85425
881864 861105 831012
233881 385990 568739
114379 501021 523610
962902 765497 356369
853345 209139 353684
802751 265579 568437
388937 81673 927547
838093 885315 772198
538321 346545 788413
36370 725890 890257
121795 607753 269860
471307 360134 655850
40045 993013 156871
82154 955915 440867
957023 809259 650006
829206 130508 434084
397642 519445 515757
843689 876038 919571
615886 414358 784616
922799 450728 510505
331554 91023 118258
601415 562330 996892
775764 120874 989904
451134 203028 464317
892001 678550 273575
60505 507756 922584
494589 423897 960528
528846 267585 836565
448416 401971 250923
233031 324769 220150
743537 174822 311173
380294 294736 873503
377185 589000 994377
885588 40133 715904
349905 450634 394454
141979 511139 420709
64562 524228 844606
25090 53073 630691
861655 501489 32661
631077 253020 875930
851228 515056 50751
162400 895350 345488
35903 791034 934488
548779 195120 493120
783183 545025 943754
177636 687005 973393
116844 270066 497620
961450 295156 550693
592140 675311 570681
143300 306387 823701
19229 676114 338756
69981 838515 752605
933969 392917 62137
386955 460195 257258
880075 243377 320782
823829 939513 7786
315720 56356 277853
813340 536306 91508
882532 646945 285318
453212 790246 110205
795413 809475 786319
134168 879456 143332
405273 813424 536249
985910 200378 514944
761667 598953 758321
82449 941281 697834
90235 257000 272689
886588 70339 808995
496596 952871 455940
781914 924582 246185
892119 719994 55659
196937 372662 453615
340269 777935 785538
395018 282343 504416
909962 44010 103368
186781 126459 44648
884615 735194 301648
675804 140281 890487
484798 636877 361856
459237 937290 286437
223921 347908 6431
279581 544845 379093
251695 885114 675527
37232 798631 957870
541648 708592 1879
163515 895374 646838
726663 298487 382032
28310 492790 40812
437296 977589 196188
799152 955325 133477
85589 179246 481385
610520 977327 544729
989613 229021 948343
183638 784753 746973
660007 326401 455565
180386 8415 869438
827224 735079 686424
727755 281888 179214
768567 719185 675302
964755 36835 630626
616732 122424 809872
616616 251443 787198
161345 759555 534718
109687 943193 319471
856660 603200 164371
830724 783586 172786
218660 129308 907865
423584 375563 708253
602798 662629 427437
278099 145883 464272
427224 762615 105196
755596 897730 356639
542793 59074 634694
77511 687261 577886
915482 62420 699585
79852 411643 1669
252638 630304 649478
679003 53887 25040
387255 175184 687669
333191 971783 833552
315962 399006 114665
526 527
544 543
444 436
270 274
973 969
309 316
858 857
95 94
906 898
509 504
288 284
162 160
713 719
279 283
299 291
514 507
885 877
524 523
390 389
218 223
324 318
472 469
479 486
253 250
568 575
551 554
87 93
549 545
112 120
516 513
755 748
892 897
762 770
277 272
12 14
414 406
382 376
668 663
76 71
97 92
234 240
940 948
304 310
78 81
24 31
567 562
804 808
890 898
759 760
805 798
672 675
640 636
240 241
159 164
750 753
47 40
615 607
599 593
655 661
556 548
101 108
669 667
262 257
646 648
567 569
903 897
501 502
386 389
933 927
494 491
835 832
520 517
190 183
247 244
790 794
377 384
245 246
231 233
266 269
774 779
430 423
343 351
72 65
213 209
720 723
317 309
100 101
944 941
54 61
262 263
448 450
276 278
330 335
542 536
210 206
847 851
109 103
733 727
560 563
144 149
164 171
905 899
652 647
702 701
349 355
242 240
632 625
681 686
506 502
365 362
2 7
801 803
368 364
332 324
199 207
533 538
204 198
726 731
154 150
356 353
606 598
34 40
758 761
513 509
279 277
642 634
828 824
397 405
445 449
169 177
581 587
791 796
307 302
914 919
727 721
173 174
220 214
560 556
388 393
442 441
218 226
596 589
526 523
122 123
362 364
689 688
864 872
273 271
758 763
48 47
927 919
590 585
105 99
219 218
288 293
730 724
487 488
416 409
757 754
174 182
372 367
221 225
940 946
200 197
583 588
685 680
359 351
772 764
535 543
352 351
531 536
169 164
708 709
564 571
59 52
379 373
644 636
482 478
321 322
343 338
305 313
555 551
377 385
736 737
860 864
908 916
827 826
169 173
498 505
632 635
263 271
198 193
482 484
739 740
569 577
769 776
578 584
131 125
218 224
215 221
912 905
834 840
841 834
942 936
576 578
227 231
723 729
604 607
736 730
932 927
952 945
316 319
772 777
836 837
707 714
901 897
502 503
421 415
290 282
124 127
464 456
82 90
605 611
201 203
527 534
305 309
761 769
326 330
964 967
748 752
386 385
894 889
812 807
352 360
61 63
466 464
244 240
574 568
892 890
872 879
262 267
684 679
75 77
673 680
455 450
596 597
818 812
183 177
816 808
458 450
606 608
397 391
557 551
372 373
27 19
710 704
894 900
863 858
342 345
1 3
630 631
264 262
237 229
790 789
650 649
704 708
73 79
541 545
139 135
674 679
693 685
931 926
381 376
929 928
735 733
781 785
388 391
292 287
294 287
529 522
909 911
145 139
311 312
667 662
2 1
792 785
456 463
435 436
504 499
395 399
488 496
441 440
593 590
793 798
708 715
34 29
899 902
698 706
235 230
433 431
840 842
544 550
931 934
26 18
588 595
746 744
369 363
228 234
949 956
295 288
566 560
635 636
877 881
165 172
473 468
444 445
738 736
711 716
948 953
95 100
538 539
134 137
936 932
258 260
269 276
197 191
477 472
70 73
486 491
471 476
136 131
204 206
420 416
468 463
68 69
346 339
711 708
437 430
641 640
958 952
830 836
124 126
514 522
370 364
11 19
13 5
415 411
165 167
938 934
806 805
600 601
607 610
788 781
761 767
32 35
478 481
744 736
453 446
680 687
528 520
882 879
753 758
761 768
248 249
296 289
516 523
179 174
384 388
979 971
796 801
783 791
698 704
429 427
564 570
721 717
561 559
928 921
619 624
331 326
9 6
600 597
210 214
850 842
882 884
134 138
304 298
275 280
297 292
741 749
809 803
959 954
84 80
56 51
871 863
249 254
478 485
943 938
321 320
712 710
534 537
653 658
44 37
191 195
490 485
838 836
258 252
522 525
375 378
980 973
527 533
37 34
623 627
561 568
679 683
270 269
458 465
889 883
70 67
320 314
739 737
662 665
812 819
28 25
112 111
402 399
700 698
690 698
913 917
488 492
564 556
424 421
815 821
799 807
82 80
54 52
825 823
208 207
547 548
646 640
825 831
549 552
325 317
11 9
363 371
653 649
907 914
451 454
50 43
218 210
725 721
758 759
698 703
737 742
16 15
717 714
651 645
848 856
417 416
651 659
810 805
712 718
734 733
639 636
506 511
594 598
633 627
339 333
193 185
285 278
638 632
121 129
713 712
660 664
518 515
10 7
406 401
180 175
955 949
524 530
525 532
504 512
281 275
355 361
916 918
570 573
632 634
881 886
541 536
337 336
245 248
467 471
165 170
515 513
487 486
889 895
99 94
39 43
430 438
252 245
865 863
870 866
130 122
934 940
692 685
79 86
860 857
502 510
367 359
86 89
551 547
896 895
53 52
283 289
104 110
666 662
913 921
961 963
893 885
968 961
915 914
823 821
617 611
741 733
199 201
181 173
431 435
635 637
726 720
329 336
375 370
605 602
376 373
148 151
804 803
919 920
100 104
977 970
483 489
284 283
834 826
625 619
760 766
516 519
678 677
849 854
763 771
646 649
306 314
380 377
612 610
124 132
422 416
483 481
762 756
877 874
623 626
602 597
334 327
161 155
29 21
720 724
121 124
80 83
826 830
742 747
688 691
934 937
64 56
971 966
38 34
82 85
325 329
728 732
4 3
147 150
658 660
398 395
54 58
251 250
679 682
428 422
272 269
978 976
139 146
325 326
344 336
619 622
177 184
525 531
455 457
409 401
228 226
576 580
960 962
328 323
105 113
416 419
692 695
782 775
793 787
802 798
141 143
843 845
78 73
71 68
616 619
725 728
845 847
968 976
780 775
369 374
363 356
763 764
714 722
769 773
670 671
41 34
228 230
263 265
643 637
194 202
320 323
775 783
960 954
837 839
607 609
55 51
302 305
278 286
256 249
742 748
114 107
96 88
930 935
358 356
825 833
966 969
302 294
131 135
491 493
2 5
46 49
401 400
341 349
883 888
186 184
94 102
887 885
879 880
407 403
32 31
3 8
94 86
87 86
852 848
153 145
30 27
354 351
301 297
784 782
188 189
951 950
166 165
507 505
427 424
418 423
261 253
22 19
941 939
229 224
238 233
211 205
861 856
501 493
800 798
132 134
42 46
826 825
874 871
967 972
345 348
959 966
616 610
878 874
865 867
576 583
185 192
546 544
366 362
809 815
303 300
883 878
148 145
628 630
432 434
392 391
113 116
353 350
440 443
266 260
239 243
578 582
749 754
358 362
674 667
910 904
449 456
657 653
154 160
930 927
225 232
786 779
923 925
697 689
10 18
491 495
447 440
188 186
705 697
479 472
418 413
654 655
280 282
830 832
313 315
781 774
670 663
820 824
246 250
623 629
33 31
913 912
532 540
36 31
500 493
308 300
455 461
654 652
433 440
699 691
467 469
250 255
75 80
693 696
663 662
155 159
304 306
922 917
673 666
235 239
63 68
847 848
809 813
83 88
899 896
300 292
869 867
842 844
811 803
716 720
779 787
117 111
620 616
329 333
773 778
972 974
426 418
750 747
797 795
584 586
456 460
508 504
785 789
193 196
706 707
174 176
59 60
450 452
547 544
816 822
266 268
480 479
467 474
15 7
74 68
467 466
606 613
820 817
55 57
178 173
425 417
654 656
142 144
21 25
774 771
961 960
92 98
110 115
206 212
558 554
408 410
348 350
10 17
498 494
571 579
602 603
478 476
240 245
147 143
806 814
2 6
829 823
400 396
565 560
472 475
435 439
34 42
17 21
589 583
127 128
920 923
151 157
215 210
340 347
590 591
578 585
594 591
306 311
279 287
163 157
75 69
103 99
23 17
641 645
866 868
125 121
112 118
965 961
112 119
65 62
51 47
613 618
156 152
62 67
451 445
152 150
268 275
429 432
430 431
405 408
56 62
126 133
742 745
751 749
380 383
677 672
765 758
884 890
24 18
512 517
592 584
396 388
676 673
908 907
521 514
690 683
117 122
216 209
116 121
679 681
298 295
39 32
168 162
139 140
459 455
353 357
926 925
111 107
532 535
909 905
945 941
12 6
873 868
917 924
840 843
336 340
857 851
226 227
439 446
944 947
406 411
499 494
876 869
222 214
184 191
151 155
621 628
775 767
690 694
202 209
387 385
91 85
853 847
600 604
106 104
61 66
553 547
858 866
855 847
291 285
407 412
497 492
860 862
194 189
672 669
799 795
891 883
317 318
377 374
52 45
446 448
559 551
394 392
950 954
184 187
907 900
181 185
457 462
106 107
392 395
810 817
610 614
949 941
950 942
204 205
573 581
403 402
142 135
165 162
843 849
662 661
45 43
688 687
257 252
740 743
845 846
151 158
873 875
174 175
20 16
92 91
327 323
963 970
569 576
562 556
403 404
967 975
236 233
565 572
903 904
750 756
258 259
619 621
964 957
199 198
957 952
694 701
619 623
406 413
141 139
342 339
217 211
855 859
641 647
795 788
336 338
341 333
470 466
935 939
