196
318318 979071 732191
834476 255393 478338
745819 905706 683633
743759 585426 787752
712543 790957 700984
852752 497151 106339
726547 44400 799000
555784 485531 124665
864563 181229 688654
959110 161456 596401
382249 998274 575471
114440 832750 830864
111277 578568 255069
313410 840826 840495
101161 553368 149950
802145 924619 647101
426983 169665 210000
744483 725449 695531
387647 108510 395260
76300 67620 556716
672701 449869 554990
766672 82808 906239
116034 712586 3305
371103 25995 844131
211597 127156 915999
361547 447800 359116
527147 874784 528781
255646 619266 772729
469677 6912 881240
864937 601712 467359
940152 792912 917228
495141 559583 518536
919879 675618 231121
923184 46720 775616
285814 776818 421271
720312 656864 869071
79427 184011 262353
608209 958157 400118
899437 427833 925530
780676 292769 45740
248034 232921 838653
683762 246561 398235
720797 684940 73852
470417 126622 639073
246032 412436 934390
667303 132747 591253
54872 730675 293763
835726 857383 251920
235843 756819 198252
679873 55994 9521
725613 822528 242442
564265 24788 7502
481000 745585 692442
73351 734501 337564
712424 980533 750000
165312 166334 401247
756566 221207 131921
568828 56932 507803
820748 811275 264621
537500 9646 839115
547021 253759 661643
307962 818024 204930
315464 817523 469015
526406 890875 203515
863970 121797 184048
132468 287110 350382
52214 562175 90088
702635 131002 665520
210437 470250 995295
993559 7749 4940
832673 554770 258699
12814 381231 595223
736245 215194 412745
205259 260099 822119
408774 642568 943917
111321 775037 749526
980204 345750 311700
70291 48385 961202
735812 258822 431451
731106 770880 957700
254545 122052 30968
513245 653366 412199
626967 389610 627394
39711 594869 887493
380330 522143 530061
324246 633464 823597
592271 613667 169346
903971 683959 736231
865172 938270 513553
815123 187874 284432
772822 960919 406484
803791 992663 578350
734489 619629 967960
361882 177840 562829
767875 558170 84971
816435 400915 236934
158530 993186 850602
846376 415655 53059
582607 799326 509828
96159 614448 697702
380591 905770 177119
305575 228059 169782
883925 962548 789411
370383 324430 485750
451711 610804 43919
55181 945738 444834
292116 104267 956519
142717 950643 372173
714276 51748 171499
224103 147907 304446
440304 46998 210215
617423 871073 438274
787205 273496 400822
95115 643879 243751
580865 95590 373054
624785 150771 318791
588118 442887 941558
544637 104103 410699
435309 818379 462448
125307 42481 128854
429754 482785 694352
158468 100208 565424
596743 405912 357419
516064 501027 1298
278314 81892 615388
169867 225176 766159
488658 813294 727546
948715 876430 831649
359413 311739 168527
340360 437046 211008
987715 866800 212293
682066 25268 831001
765990 140510 236912
123408 175073 256439
643206 971887 338331
258593 141753 563507
543252 148910 376800
270797 97624 771730
620945 975537 83468
789472 834397 520514
518980 340610 905814
731273 541175 449581
80772 307164 108590
317684 949073 802163
574123 110777 774049
430953 369371 915802
994460 912623 583211
889760 701919 199334
179988 322863 693370
263456 630835 46265
302469 149814 386875
208282 399586 928051
176362 480358 753714
803452 316541 221285
605614 409164 332063
379662 358616 219933
813963 871576 651055
915673 279834 352973
115006 459822 194335
808377 723278 343669
854642 544246 11982
760017 271028 411568
688067 447390 410425
960280 250842 245466
181565 374955 173129
32127 273117 531745
770560 87079 921820
421614 521252 201653
293086 636258 661475
5920 963134 903252
349590 336275 447498
361572 96291 718526
291640 302857 684415
220564 781636 453756
984530 481700 828712
157658 513827 101828
207903 284386 707407
129722 224499 228658
849876 517585 864917
511350 523506 346549
933102 391595 201323
380599 271666 297614
617624 81805 118970
302038 302370 900607
755795 805399 382306
584506 481557 414633
204833 689460 217518
912240 337681 442018
140898 187556 478102
524314 217406 520107
389362 150507 911702
590686 49605 701868
406799 667229 783673
525770 487766 604542
944876 243560 409941
845681 346565 891498
7 8
73 74
186 185
151 150
58 57
137 138
41 42
128 127
75 74
77 76
147 148
16 17
51 52
106 107
86 85
98 99
134 135
165 164
98 97
60 61
120 119
5 4
25 26
147 146
189 188
175 176
6 7
66 67
30 29
145 144
62 61
176 177
19 20
31 32
119 118
29 28
64 65
165 166
107 108
144 143
93 92
187 188
18 17
71 70
44 43
35 36
80 81
160 159
95 96
167 166
23 22
76 75
94 95
8 9
149 150
3 2
44 45
103 104
43 42
160 161
82 83
22 21
37 38
126 127
180 179
16 15
137 136
72 73
40 39
154 155
103 102
85 84
128 129
90 89
116 117
48 47
183 182
129 130
161 162
97 96
39 38
174 175
152 153
136 135
101 102
133 134
151 152
78 79
181 180
115 116
54 55
157 156
143 142
192 193
172 171
77 78
5 6
138 139
112 113
53 52
181 182
40 41
13 14
158 157
133 132
84 83
49 50
124 125
149 148
164 163
193 194
112 111
12 11
168 169
105 106
178 177
196 195
101 100
51 50
14 15
87 86
121 122
21 20
170 171
183 184
162 163
1 2
191 192
55 56
35 34
153 154
72 71
47 46
194 195
3 4
32 33
111 110
141 142
190 191
170 169
27 26
88 89
65 66
172 173
131 130
93 94
64 63
117 118
60 59
146 145
23 24
173 174
124 123
19 18
184 185
80 79
54 53
88 87
58 59
126 125
189 190
9 10
69 70
37 36
10 11
109 110
13 12
48 49
31 30
63 62
179 178
155 156
113 114
69 68
121 120
46 45
115 114
140 141
105 104
28 27
187 186
100 99
91 90
67 68
122 123
24 25
91 92
34 33
109 108
81 82
139 140
168 167
158 159
132 131
56 57
