196
75586 108297 430037
393795 896988 134748
46976 306489 949082
396087 980511 190727
974665 878448 128036
449929 526904 744165
607715 130404 318028
551103 503976 464072
563309 447770 961544
692932 672444 793647
195076 266529 901944
143612 660325 317430
278360 707301 623920
745941 621887 122929
455167 115050 1376
583203 83479 528280
845868 691194 177183
682395 760796 681159
664966 842604 128929
626510 535536 319872
938656 249111 586402
840600 392723 246726
676529 671083 472526
300448 935524 612912
941877 390690 727963
461752 492393 811442
508531 338260 21134
685714 20654 300429
366873 685621 143032
14301 830630 197067
334173 769285 446178
439074 128383 838901
204299 804913 28483
676825 623860 964007
289737 84236 873196
536199 545988 365588
866140 54519 222347
887274 258732 761502
706202 144104 447122
849234 158405 796251
46301 11078 84034
10978 450152 730918
849880 172951 54329
878363 849776 196688
360868 658012 799424
234063 194210 345412
118151 578849 918431
340498 466122 177162
101999 690823 321267
67620 540057 998172
382370 104857 527749
984905 115835 496401
234321 484214 669352
288650 881076 519127
3837 241943 695639
803262 994507 889849
667173 631157 468698
585603 971655 453319
281264 592154 662642
121030 178273 721198
119202 79143 826055
165450 64047 460389
661851 816868 463103
331202 624017 344178
368829 627854 104621
582967 949615 617627
991315 616787 248783
978512 720889 738937
950331 2153 331090
612972 641683 27863
334169 279384 107006
678723 444835 689553
139111 625185 506420
602214 956388 130436
464892 843716 276789
569513 426682 226404
187139 936496 361690
435922 915008 82579
174858 865338 603232
24448 478309 763414
570811 812478 42798
196316 491200 6132
885869 148810 631317
910788 269524 106203
41223 734416 949919
836512 303928 895100
581415 9566 831596
943106 963988 265102
544184 657345 130439
665915 681793 608748
429328 771103 939725
990626 967419 430924
996758 853287 98233
628075 282573 367757
734278 842296 102172
202696 678808 924600
616295 260222 934166
966390 721827 898153
231491 266010 555498
361930 450424 755790
489177 398252 45392
428901 388877 12810
378324 385635 384597
476558 13709 667170
844315 266486 509466
464987 469182 706773
389586 603977 966995
842252 570366 207321
258903 801858 473331
332900 682287 442255
607190 171464 840507
652582 600365 229383
665392 497189 133517
49988 973747 147226
235658 336560 932213
745124 320046 919894
451896 709633 523870
937390 70383 94236
144710 329286 414593
136541 180686 96879
578796 787876 786843
937802 440457 387208
167184 105848 402896
300702 674337 376642
966428 909995 231701
898640 173617 551748
818534 144012 779880
860903 599901 368762
955139 744612 216547
888231 399652 397233
985111 496947 185108
290452 434748 625565
677660 120431 249913
599055 421133 442749
494196 906061 871243
725898 323199 44859
796145 660232 707371
94523 521135 307271
463285 994773 570382
198331 883004 970034
595565 386613 985480
780673 677065 420227
924738 873225 540659
693150 472279 480291
654398 966476 386351
525640 210872 228050
88998 525516 888282
796369 138538 409416
103639 120322 404189
674022 318653 805692
162554 914218 192304
148034 694891 387868
86760 138127 261092
145918 831277 251871
626210 485674 736846
531060 529813 947718
759110 618811 991733
647392 415179 130270
575307 37317 250592
497995 229838 569245
303686 392393 483463
14489 58926 696853
402358 145686 834980
181949 291605 184755
433820 436314 188928
689165 485873 718741
155381 244983 856051
147113 410874 789729
277383 986181 827046
46474 484176 56884
615720 306361 967777
617682 320851 26702
314534 723209 690888
668013 905158 500992
371267 857478 937306
78694 65141 423179
315934 220523 186661
171984 367636 597535
961713 163519 102214
307257 209993 104889
882641 344212 411251
850417 961894 732102
395618 794927 973810
605006 462939 397466
105997 352705 773443
561803 431399 838585
503481 747333 59107
690142 437816 945243
806176 399528 627261
426889 225285 355754
50278 107925 699966
461529 476842 180359
712130 390959 975286
685939 995965 438225
83404 620462 309429
856848 700764 740829
52 53
71 72
195 194
176 175
174 175
177 176
76 77
103 102
101 100
51 52
116 117
192 193
106 105
71 70
124 123
123 122
13 14
92 91
178 179
24 25
43 44
72 73
163 164
150 151
125 124
115 114
139 140
67 68
180 179
47 46
96 97
178 177
119 118
169 168
183 182
172 171
180 181
182 181
195 196
78 79
111 110
155 154
112 113
63 64
144 145
108 107
70 69
151 152
87 88
162 161
45 46
147 146
164 165
23 22
74 73
28 27
37 38
59 58
40 41
100 99
23 24
121 122
166 167
85 86
31 30
98 97
94 93
10 11
59 60
101 102
44 45
133 132
142 141
16 17
132 131
87 86
20 21
58 57
99 98
111 112
6 7
106 107
5 4
60 61
15 14
140 141
26 27
143 142
115 116
130 131
158 159
1 2
15 16
19 20
103 104
54 53
147 148
129 130
22 21
162 163
133 134
62 61
185 186
138 137
135 136
50 49
190 191
148 149
47 48
129 128
88 89
10 9
35 34
36 37
63 62
153 154
94 95
192 191
6 5
170 171
144 143
43 42
126 125
93 92
155 156
40 39
150 149
32 33
120 119
104 105
8 9
51 50
84 85
55 56
152 153
127 128
83 84
56 57
38 39
145 146
33 34
3 4
80 79
158 157
66 67
139 138
7 8
82 81
187 188
96 95
135 134
90 91
78 77
193 194
18 17
32 31
120 121
117 118
55 54
170 169
187 186
75 74
160 159
127 126
113 114
185 184
83 82
136 137
108 109
161 160
165 166
75 76
13 12
188 189
42 41
167 168
19 18
36 35
12 11
29 28
3 2
25 26
110 109
183 184
174 173
81 80
66 65
69 68
65 64
89 90
172 173
29 30
157 156
190 189
49 48
