196
133093 453754 442782
845214 114229 393803
732107 800732 750133
69475 619360 947946
393015 197390 305991
271016 433367 116691
929863 965843 231485
809952 203522 591131
181440 614906 88204
615173 410126 326583
871131 61719 780337
313912 906933 894566
226214 157538 695297
976347 745513 833156
924292 138527 549045
748782 409543 500911
383973 857906 466754
133957 186356 188775
725088 367797 803681
331791 982970 732306
176873 854100 794025
957210 686511 219456
370274 912726 895494
584070 407571 641007
417225 850363 298033
966270 599144 226076
467181 501616 83981
452434 635574 270337
641209 879161 156633
963389 729452 139603
695694 906325 512202
489719 382034 198713
227674 270807 111438
123168 854878 519009
282674 790602 369371
580707 275371 487015
806783 261051 507130
409263 713485 142703
679601 873193 540364
836234 355080 788315
494336 50773 213138
6538 58991 595172
205251 286666 865980
835189 928334 239356
872697 211007 29957
760568 310213 823828
247582 635496 84878
754712 44758 316862
415915 724359 708554
474778 79092 63633
263092 573428 114407
476230 98465 173398
589902 303716 978564
974381 657404 425396
213736 530101 154902
762193 290668 465116
586021 56749 100611
189398 329960 145369
506261 745875 388228
214814 739152 985820
278448 2243 77746
911355 996974 176212
603252 586875 998428
581816 79754 655832
525711 293490 704432
680614 574182 995100
145729 678702 51848
764840 868101 900308
428708 374361 646183
816936 107674 385334
802755 904622 906078
399001 815976 421550
575213 937728 8424
92139 38042 606678
266470 563753 418667
970902 244366 992849
966001 908595 671551
536348 673434 539651
436656 102142 432511
601338 919078 58684
505171 240332 963307
929748 157832 297781
351297 733045 235508
878221 343683 792050
484898 610154 355803
903565 581055 600169
414913 65555 508764
86463 120402 700697
144613 75557 802839
95623 195394 240416
154307 700566 999248
117613 148812 157079
933895 500110 408623
687902 378330 752306
479952 381728 362459
835755 803792 462014
954423 218704 527569
981686 823667 166470
682383 486779 242028
3720 582402 437422
244136 736710 656487
761883 372822 805300
918962 306716 305409
846084 513118 202238
598390 993070 583966
479348 347323 906258
941362 820245 124961
987430 801931 948629
153900 2812 435407
914428 525032 536309
870349 287668 273018
526836 49550 164339
332135 487012 989556
156043 333095 502673
358281 449984 14241
460747 929333 361564
367004 389193 181808
10464 895123 502238
477592 567522 23549
913000 481949 548582
967808 870797 836250
240825 397632 885800
923664 729767 372811
913219 404309 224406
415891 762591 674390
948632 741837 122221
310195 627340 511415
10503 637804 925037
31240 115396 492558
54790 546895 493006
121871 514702 363802
958121 274026 761435
362419 197689 9700
253730 110908 932510
478136 45298 213599
671025 993931 955436
793247 822625 582775
823161 351627 739078
748197 382868 854474
240754 956158 919868
252259 78028 434569
134560 554648 708595
414494 917067 424784
424195 689296 54191
356704 685931 99489
88802 356956 611919
44237 668702 953044
145511 491862 304670
403088 240058 206037
257562 999312 162194
695929 770070 240222
130498 904630 794870
357592 319124 230436
782376 261818 438231
836567 137021 124162
454556 225823 999618
584974 270060 668319
56516 934071 678680
361187 337158 437237
85723 113219 436548
247918 809149 206617
488140 458146 629746
801510 815738 948870
31945 116613 210687
470176 471679 347708
112837 926235 573531
112454 29708 362090
299272 86224 814660
496451 965911 670318
933688 51634 783537
370235 299552 111184
95351 306191 569330
725098 107700 903568
192466 658145 20180
403154 128321 491859
269361 759658 936594
842893 390612 484801
723482 689884 571025
538142 704835 55435
726959 638522 625569
510495 8757 925121
140179 622608 749811
228008 866205 857512
131575 58671 515656
670255 461825 162476
680614 731186 922135
135706 92577 312746
620507 334559 521129
710031 391200 225963
765466 118158 864486
391034 147152 391742
834654 287331 532849
584465 515340 399054
960476 646915 976225
476131 835670 438049
157107 516283 687734
19 18
181 182
161 162
66 67
61 62
97 96
141 140
19 20
130 131
4 3
147 146
117 116
29 28
185 184
100 101
175 174
37 38
121 120
63 62
148 147
45 44
193 194
151 150
59 60
16 17
108 109
33 32
169 168
115 116
192 193
55 56
15 16
105 104
85 86
191 192
178 177
70 69
94 95
22 23
136 135
188 187
9 8
65 66
138 139
63 64
189 188
13 12
172 171
92 93
23 24
76 77
194 195
91 90
131 132
68 69
138 137
99 100
90 89
82 81
34 35
75 76
187 186
38 39
153 152
71 72
11 10
21 22
167 166
196 195
14 15
61 60
149 150
5 4
142 141
179 180
51 52
47 48
107 106
190 189
111 110
123 124
129 128
164 163
89 88
158 157
41 40
126 127
58 57
73 72
25 24
109 110
14 13
173 172
119 120
185 186
10 9
145 144
160 161
107 108
5 6
68 67
125 124
180 181
154 155
115 114
31 32
48 49
171 170
101 102
128 127
82 83
64 65
179 178
92 91
71 70
78 79
87 86
113 112
175 176
46 47
143 142
74 75
119 118
156 157
155 156
134 133
54 53
159 160
51 50
152 151
45 46
1 2
159 158
123 122
55 54
169 170
137 136
177 176
18 17
34 33
27 26
11 12
112 111
49 50
174 173
79 80
153 154
20 21
143 144
165 166
139 140
184 183
121 122
59 58
104 103
7 6
77 78
102 103
37 36
27 28
42 41
88 87
113 114
148 149
190 191
26 25
93 94
42 43
135 134
129 130
126 125
162 163
73 74
40 39
164 165
85 84
84 83
167 168
29 30
146 145
81 80
132 133
43 44
8 7
56 57
3 2
97 98
52 53
96 95
31 30
98 99
106 105
183 182
36 35
118 117
