980
702107 775351 813244
644573 544204 743571
921354 33230 224355
701586 411467 167709
246606 594393 708446
315117 365431 562987
607095 352309 389062
248168 900165 901147
235117 310813 822483
716811 160087 237084
948253 380694 530934
761496 25266 593637
505066 946620 626868
729422 166705 556834
415630 413311 669727
642575 728428 35157
724061 854022 905966
113122 102189 324630
14269 337306 635443
355251 572616 314030
110835 520868 694724
641769 800864 719990
753906 305929 666610
899273 553850 351814
456106 487979 765125
644332 130554 12051
197989 854615 384572
622454 486237 5260
947084 500506 861067
582527 374256 433682
896557 485091 473050
109779 126860 273913
829769 399265 98341
14877 298537 652192
885191 273142 140170
650315 917475 789224
180865 633963 162338
565437 256416 648575
89197 203500 667580
950264 304526 41835
902445 719582 526927
375494 829361 172286
649407 177628 571551
266248 711006 388587
918440 596196 661729
577109 765011 579203
884833 945876 213165
47170 29812 988082
214244 119009 191581
881824 69272 14606
923659 490216 734188
969085 865711 82047
659870 33616 778175
749920 299864 489180
138506 736803 603876
800236 832412 887386
897938 717244 833261
629603 282913 381572
617684 497157 500581
327764 378980 88352
342370 821138 578569
595057 308722 962779
195603 968592 996395
973778 237011 814759
981458 375517 551561
103832 694252 902472
991218 592190 619715
342977 221792 902628
724550 839476 399784
225130 685739 297263
831983 28108 118401
410551 141664 945623
373329 337267 914214
888223 829544 669724
221480 329500 45241
291541 433332 257992
194012 424549 850182
813728 286026 590473
234854 10575 948448
153138 754205 634186
450401 586187 180793
87301 515237 322457
32923 407065 178223
947138 295288 526267
135360 516768 855767
180601 808309 289099
438594 2321 232147
807275 334548 518173
397748 569402 528748
864695 722540 801453
498881 691441 387639
198173 778742 421376
39130 811666 828441
217353 277302 642228
743620 412662 158996
599387 111763 485804
406985 68856 6624
639132 876131 859672
157305 792378 429074
204552 657073 670113
524504 674453 361553
430643 872626 658795
852019 911756 470460
680459 647609 747762
322687 909728 678923
182 27613 790686
4485 434598 378041
529610 592230 772672
389281 268034 565049
336854 991086 740621
525467 515590 933573
405519 946233 324698
64313 798251 754953
534773 997209 921061
801034 838395 830789
998457 357076 376901
307641 361562 329999
685683 409671 440728
458354 798952 708762
541902 654306 218346
801023 179772 733936
734595 103790 680168
577792 168104 996918
332745 221376 512626
253805 540910 351020
603093 539366 708097
498494 847007 588158
828493 51188 516328
269220 509542 833779
496481 51444 488084
714827 370966 186355
448763 624060 290146
647430 201852 976750
162847 53096 198125
675473 825401 257534
544992 428494 796900
771588 445487 162406
878245 273979 213594
394572 61698 241636
228351 558179 811580
234934 791505 182545
421290 758767 806605
229935 924697 526956
206684 87543 580052
923309 281515 405453
180843 345006 352446
496242 116594 797933
658648 513338 590411
390742 907911 170608
150877 654761 728787
962457 408194 38790
663501 347983 797558
988605 577918 722254
34060 303101 328296
614112 226410 128310
538064 925753 473316
409009 421994 108409
725441 599142 621748
834351 508383 48157
4958 659260 221417
252244 140215 629611
291035 803716 977595
607092 310819 74011
329345 344879 377113
176140 477491 122022
304450 534054 47774
777766 943064 469768
886176 187003 587409
26422 21354 95791
74579 544812 755051
814496 797057 895266
444106 606591 217480
940200 213682 528300
14211 543027 873179
391324 719167 350669
31845 542116 403223
79619 319881 346286
67886 724556 51788
655296 269477 73142
751087 862556 136454
506138 677051 933511
919903 121157 540101
137383 61356 272282
184182 75567 333808
57360 985391 52974
926530 535735 113589
329752 615354 433470
194537 201740 676526
246325 857036 946003
837968 126621 808559
974422 151258 4108
426431 71161 125265
966532 727044 705122
238813 911226 299188
572621 487085 284579
144094 932114 820314
776183 261865 954168
728152 974902 155907
404677 739727 531442
869180 577694 176562
196237 70614 327821
200345 497045 917482
844111 982076 163024
549232 739388 74249
848420 830508 79833
651498 493101 11947
990312 269283 792312
944479 997435 767214
618885 920612 25439
668826 789791 603133
363887 504527 192246
210207 223371 689291
127688 67481 189865
809212 616713 929253
401960 983633 759760
481794 635130 252860
12240 625441 40642
804552 88418 38076
90264 225802 477187
115703 413127 266977
237335 777015 290003
429581 987222 513375
637371 633410 580856
827236 442621 716069
274987 844582 699701
34746 844875 334830
806106 857115 478771
365247 661666 567189
403324 270430 311491
399010 904633 724618
184487 141968 501632
474490 90048 488854
987865 245919 640763
87220 591654 83383
803289 866642 927965
21488 419887 291338
356318 744493 148452
353588 109739 328618
439277 31562 599048
750768 430573 22179
993885 615060 682647
495517 89549 772696
502870 595914 537114
143632 201633 128767
745515 4921 995409
191979 26409 933796
483317 901227 678288
631770 254815 788027
960388 212591 819590
77934 963359 250162
100113 957243 383721
782761 971259 473270
73955 992628 587683
129568 654759 789316
258335 400274 794237
772244 592253 339145
706039 75569 758872
384326 225838 532186
690852 186225 744777
510441 782659 226634
279102 401272 702376
662823 702532 192134
654593 294986 184761
242275 424554 839521
31591 682889 758294
344327 973632 350546
201972 679670 944615
960844 582495 170453
11528 273347 875178
756305 302287 176336
982939 581390 577608
203813 244212 798639
395947 898805 93624
580709 659580 36677
938729 691171 238065
215521 553997 211697
566067 755969 409866
29180 235311 992362
199633 246839 784208
74811 3143 86494
251147 504581 667884
347254 226894 430596
145892 622841 847900
758016 722049 507479
794693 179276 717149
32757 394797 271146
244454 960864 27114
172820 508544 780926
165181 708177 27764
949389 301487 549408
35882 552634 53988
222266 418387 280882
171361 82778 422223
19260 840794 144271
45239 153985 323548
280887 186743 236844
552033 949697 716208
97647 122516 224751
878573 806197 932928
424836 755585 234415
974244 309967 305548
546732 50732 723936
827614 222093 806714
768336 759853 647508
912608 323591 801493
754655 604479 506735
991499 156511 974932
707706 772658 97447
932457 169729 903645
383884 594566 177728
618299 568809 6194
923847 115540 575426
647782 461654 797519
972996 229989 75871
139002 661096 399462
458994 934250 3940
965730 444248 678952
940661 151953 451609
556607 602910 621339
978751 986794 215904
674979 123591 303212
681173 47437 418753
256599 213719 880407
572617 705214 628895
648488 844216 808491
566450 303209 742740
570390 787438 186987
767841 246597 857441
737950 803205 978850
359288 300454 965643
93691 975433 607733
915403 656606 655170
334155 431704 387388
733061 522820 611101
880456 171308 455316
688946 737758 277025
431685 826647 64462
137172 112987 829560
994613 850937 151263
973462 728724 451717
457603 340914 427150
65335 256316 602255
239004 108971 552458
144892 360531 75277
755993 240986 765085
729809 929932 502842
6833 880117 847989
589795 535788 479475
419354 48899 330411
570617 540860 59134
540834 516962 400048
967984 582297 174863
88737 339800 283834
641195 3191 644366
234971 759185 403851
56 488993 333783
21397 14325 732399
869386 122619 786686
348860 541974 835585
197770 631090 894944
256904 171923 411905
175451 658406 512701
350315 265642 852501
152648 425336 855693
797014 660308 133376
200865 660364 140868
53147 681761 155193
304045 69646 796312
90730 418506 338285
444814 134776 487875
339757 391680 178297
751662 85631 355203
264362 435946 620845
635362 107093 46181
491054 422607 706489
142929 623472 366852
283797 195118 48612
957490 17662 118258
753802 626892 55264
610586 71705 190040
98460 929962 100219
795258 200122 185850
150460 464484 140295
289804 618345 247389
335985 627899 188495
560973 770828 811967
927825 54625 525584
494937 530614 543246
131694 284415 688637
705458 895002 760342
413997 511961 208802
514217 307218 408924
218566 976178 873408
877362 265982 491752
643250 120466 638150
831745 681440 408978
162210 127763 982103
206293 141199 512716
268038 272894 797132
956675 496851 210632
717016 910849 722593
925818 943565 548311
853241 680630 42987
726648 76490 827469
736899 719740 947936
375049 69983 629375
302526 232193 275637
284628 956986 416837
797344 225023 208230
594475 181697 223580
323606 417212 134428
564699 861529 596492
631509 714769 795622
674496 959916 872112
501965 215314 110351
968400 590363 180334
116273 892889 931028
391910 696016 888013
327246 493359 113036
535476 606334 813233
759057 929940 230445
411984 494638 610473
526976 126146 325242
322597 319142 285157
194708 339606 500471
305059 308005 609333
485394 424278 20720
934921 334687 716736
822933 661934 728595
454468 715909 334928
267701 474965 783367
16645 405449 796505
627118 932425 922651
470859 255021 760292
274516 449729 99897
293486 273288 926402
902820 277181 869179
442039 212101 203866
677275 553533 384299
405869 526501 100207
259296 794202 93672
42662 329346 499121
839167 474963 431545
280317 945823 205065
559108 738838 654794
177505 32323 446581
103906 453642 723762
491585 895682 935863
213950 91455 7895
598249 497324 534396
698456 275119 847097
792128 836281 176442
291248 675448 169904
241292 474264 634226
446357 33371 373063
619651 729376 405387
66231 351782 859029
308493 843367 273209
244355 57316 364664
770750 655565 380487
305145 872520 655606
152241 664648 491887
847183 474395 685834
17087 234187 678597
651313 199043 230467
542876 818694 959844
948263 403425 311625
325790 711918 673491
599000 474772 730807
482163 245522 904871
862651 69166 777390
36755 221408 960537
47141 587090 434932
251474 604177 187618
930071 773990 386661
160538 316865 205355
638881 783627 127279
950506 627916 839197
623996 226915 832468
873302 227578 596489
778172 608728 665656
74060 163982 405563
34597 211124 992653
988029 981098 115329
175646 911169 407818
562307 590206 724683
286161 229086 26808
413440 698091 654724
771136 840586 400139
122103 232386 627717
718592 10557 754944
902747 603117 918926
826809 637714 648549
819462 144241 629647
453290 319887 59314
861108 400694 168019
585790 686855 915605
131097 618795 132194
785821 908430 972780
704459 30532 205165
850675 267624 734222
605618 170370 337338
43043 515679 493552
210091 335140 637793
839738 788430 476180
417551 649537 876874
104069 753826 82227
19673 403422 701022
670367 707742 609452
161645 412201 639984
366810 781375 426107
619531 905493 114977
475369 948536 630656
968921 158626 484295
125212 516864 272724
601392 452914 440760
996765 556984 713085
78992 95156 116506
780014 765524 824248
389465 927169 754948
547949 812479 536323
492555 950509 441815
607532 944377 908850
238187 431796 585975
722482 557009 102838
513705 676900 555753
472964 673665 631236
186048 752657 726392
821054 532670 10414
163801 440635 456083
918749 507083 787061
973571 518137 256068
933885 125669 200445
361233 882356 632241
947209 123337 707749
50046 155541 384649
124298 628506 576813
755534 333053 329469
425 154107 380638
529339 317908 339772
503921 755156 365354
809481 247226 883492
65549 181110 527660
784494 542344 410015
416734 489552 51851
642983 58097 207393
27631 182396 835899
122943 456429 168951
452412 456854 323058
351549 504693 159465
691322 8613 914622
575175 818095 680347
458666 402143 861457
504825 186636 922300
914841 603370 930351
485191 764852 988449
692584 792483 689344
528482 915426 664272
215933 886337 639626
57490 237886 144318
735456 447707 671431
168576 22881 489525
848923 47 891668
710379 504872 78303
151178 938212 200173
81528 423403 965025
588476 115986 276007
796319 162968 709932
460591 897401 114768
100216 473390 871154
244534 208845 837360
915965 377421 378740
923990 226343 378787
334156 455222 402159
930960 606400 858870
649632 206427 282272
133155 313403 916759
409162 109721 598226
637594 570312 14125
270861 189027 487515
142014 952061 696361
979374 386525 592281
358113 310514 818625
255400 163169 273846
176058 94128 398745
34927 743760 605172
835700 876916 918575
270957 804577 546796
869183 960670 635607
401807 231530 824635
889322 373544 776695
104181 871417 681719
696463 748030 992233
33586 3429 155402
307432 179487 768030
224676 732914 511790
829848 568613 907205
266922 839570 711781
332217 227251 672451
967824 147557 903981
310957 36879 796025
606152 659560 185940
287870 356022 933970
798603 389608 455898
472504 215539 153884
240533 440215 886799
270822 788563 973911
178026 573984 331980
889808 906201 77730
80757 874024 225288
503237 184981 780667
817761 791133 440226
3701 79002 314748
937671 396104 222855
912069 868608 956895
65952 109141 915609
471250 379963 704171
445161 76489 278154
777141 484796 184354
373370 565553 58378
598658 587289 761859
897824 405050 71490
856550 408751 150492
689797 864921 546597
431151 295488 933704
388045 361441 42844
303654 832691 941308
7824 277851 17796
804479 573491 21091
988833 465361 105143
565710 582518 692432
327568 480342 615981
399058 336891 543231
68050 545187 408152
133146 976338 703640
585349 364383 583580
628194 186536 416271
88000 194360 212621
624296 517338 304612
645387 506171 769973
269029 590380 870990
961461 436448 351331
577442 354005 206721
120672 940555 751908
47323 73700 246745
269463 177549 611128
371542 805743 797664
306312 412242 510523
37433 555037 27861
342045 200423 52531
630517 987952 642911
501506 949412 79358
371337 45352 433364
578058 684525 373918
848466 250347 966119
95210 519810 662167
224837 891353 467909
541000 716164 398650
51522 753597 953687
597883 95641 672609
650414 244657 660560
811825 264663 128470
409682 636000 173823
361545 732557 376847
735464 99521 627194
220081 713231 665504
882248 456567 75355
868656 997567 791519
785805 567589 545116
739491 683971 640757
930599 334385 403914
591158 664709 187076
238127 74390 823076
930450 435936 74131
307296 689899 692153
934491 428479 405383
599994 829226 380450
675349 216380 378016
466867 2184 464104
11982 260174 148075
171239 190772 482460
93652 300429 665668
280728 57055 740058
103803 987506 175993
696434 294801 865892
907086 229291 812870
312469 347784 642095
211418 23132 858475
589434 8499 379158
53538 538981 639332
201613 710220 348603
202572 803872 167531
868240 84599 224587
126796 706902 212092
302790 921836 25392
687181 828921 773184
500051 659889 120967
660645 871307 662600
519120 979241 671099
416777 32778 210079
56109 752891 920300
923212 473962 242670
90743 342201 845770
833830 468997 71170
564421 290286 993006
589813 495967 340426
881496 514517 314
2463 175161 390121
665063 212780 369361
336161 629558 920639
64739 204166 673529
503538 127377 147490
746209 736620 8190
110477 88948 995687
181647 171868 804473
174653 761682 300439
515079 643177 814956
33892 164139 508616
424013 829202 239896
311873 683862 869454
232511 748602 592119
906040 252139 719496
572029 516847 974616
98718 627324 63563
94405 808972 753932
898878 502124 515613
717816 535702 677289
51270 88093 359928
559886 512107 189129
799782 823980 391491
187734 574991 140092
779853 481030 910731
17848 571559 427578
510963 670277 54901
93025 283181 382372
846957 700558 402995
881069 418373 938697
76857 469643 26790
436785 548029 57396
144413 866310 399875
535904 572544 974866
194495 870896 974396
105226 407243 64453
51303 918206 734730
624704 529731 536411
7076 376687 236968
410071 776256 655342
867268 853113 643484
894058 808397 710012
469953 952810 576322
869828 7213 148865
363193 720208 19760
856088 825434 427004
920541 395236 863709
173769 19940 393439
710180 545516 770127
947149 955587 546382
120989 341353 917994
282972 753910 726390
992985 223862 197698
569306 612190 723411
236670 975383 443619
774930 349969 787552
201933 270509 182788
584142 444278 202728
977581 154458 748244
266206 620106 222329
331087 741095 82182
249080 24066 836092
493969 17050 59954
210167 104855 190643
933578 341525 684525
377196 116455 34493
164748 836888 305002
866036 421029 267779
68763 917110 422237
335506 183315 560842
76334 514403 301936
158516 281982 844503
994609 294451 380052
573062 504618 3407
763705 438195 344932
966729 333891 979887
1221 17138 335274
824723 883174 274802
92501 470436 191911
33238 324441 375227
594080 400775 408129
414516 77791 208610
777518 72399 503061
157569 163960 7678
679476 446164 964374
542908 412892 298264
522794 932613 315402
376567 757335 717075
651370 368335 187510
843281 401573 511951
218507 514153 431225
145135 928669 509016
353746 706186 99914
375306 382254 263874
382985 61730 228537
865858 604638 159928
682621 645931 92540
516522 22498 368374
233596 673868 255209
421106 517148 175281
451556 254155 689434
882781 917790 618102
391797 271535 842787
10210 646842 743541
792585 548326 805271
21121 932683 928408
181050 615303 574338
792090 131824 596836
678964 365420 789203
934173 305025 306351
627953 275080 79005
317387 157860 996795
453988 68156 786830
815275 78367 952171
558815 389451 18995
364085 410572 951678
292492 110121 85479
385329 420711 217303
500665 99674 101222
289867 552346 406247
114717 180298 199826
193722 16184 357686
709017 470173 944343
14345 285447 541209
485015 362761 930660
504010 726846 341231
974187 537837 969853
59665 923166 390563
276968 942330 8736
896690 232197 79581
821436 346914 778379
21261 59136 794564
897447 286652 783236
841789 300997 587182
382997 786012 949943
313656 808521 195287
173387 782707 251623
143239 842372 693288
52301 637839 635618
61037 53027 867815
659118 874463 214728
437496 895724 792364
750559 793170 79015
52293 153458 898512
639475 536455 203022
107916 368611 11542
303203 541998 312748
554826 203736 155119
248114 256037 311457
883732 835574 882984
270045 494691 757446
3272 450686 171668
795637 719745 483338
393151 772038 636796
291663 930013 691750
13184 37928 60360
24727 341132 602358
337475 414457 324593
11094 181070 580630
841051 64801 934703
724035 334846 947893
481480 338119 398579
171648 652255 636823
654986 45405 408860
810281 855568 338872
502030 868753 376801
562391 411979 236432
683248 749454 650889
7841 279047 831960
106970 120098 415260
41673 362632 268606
508065 362611 125224
425143 534259 777479
61965 707744 341383
470826 518024 196951
809698 20054 584203
704998 582445 996182
459929 265692 264134
629318 273533 543182
979777 899004 181779
395036 940677 544411
182141 967241 907022
307365 392384 959781
603343 454349 667524
944727 925175 185548
660177 253372 205602
244379 476869 788047
240560 936799 572238
504694 566116 364271
566375 64391 263274
748154 459427 722450
292564 160068 689690
718086 985933 82073
677866 589276 54922
863889 52501 498596
49436 712678 270467
255038 957057 747337
561584 716116 202634
652322 739309 287249
16592 305684 351640
279866 53837 329566
520815 864902 489634
210504 101486 475567
811078 297851 583342
384499 161739 635843
883095 211176 348520
153562 984714 824076
900899 64797 540191
622032 717119 279499
909281 733711 585183
779420 532076 157520
108985 571390 540921
117119 300393 642407
111185 111470 940258
694527 495969 101996
848869 897564 831672
197388 51125 816386
539963 470523 399682
80153 92554 116800
878152 520334 369010
981835 299753 419585
139354 927238 990975
198774 562856 291367
841181 192540 921338
299937 887067 417306
920433 254434 833369
752105 451822 884494
86989 510284 355016
486671 590437 447570
121970 987089 486403
490980 968923 304655
910565 626776 231893
901539 825550 313248
711405 185229 505789
632742 3665 911355
568548 924098 165789
401916 676202 136110
286410 281690 646395
641426 768361 755331
607496 408830 742419
612398 899810 711341
917054 328873 856616
148946 230411 200664
462194 460316 385893
486482 93057 389558
397837 661605 832156
563626 63521 26856
699736 868431 308547
346130 28355 595407
101461 154350 4237
362379 766749 904047
73720 683802 751420
448835 351247 981831
649500 331940 442146
35392 818423 53703
943451 216259 715308
775606 298384 297328
802462 998120 165758
629508 862750 194114
224915 482710 866964
747652 845089 633712
651698 437308 317513
403117 886144 187259
903448 535643 519200
864093 89534 856122
436295 551484 590880
151603 327089 889264
967431 648051 405882
133189 277558 268631
845803 20972 269840
712766 768624 114929
864978 938822 70736
700990 860438 956880
230 231
66 67
947 948
310 311
240 239
392 391
721 720
772 771
55 54
232 233
497 496
465 466
395 394
903 904
359 360
467 466
224 225
823 822
887 888
798 797
878 879
750 749
854 855
921 922
866 865
796 797
862 863
44 43
744 745
974 973
145 146
426 427
552 551
543 544
50 51
364 363
253 252
670 671
783 784
758 757
636 637
119 120
962 961
242 241
531 532
862 861
207 208
892 891
758 759
114 113
795 796
457 456
853 854
870 871
635 634
827 828
297 296
421 420
534 533
825 824
167 168
267 268
322 321
564 565
700 701
410 409
493 492
38 39
619 618
935 934
387 386
627 626
235 234
40 41
290 291
319 320
490 491
779 778
431 430
7 8
289 290
563 562
880 879
299 300
829 830
825 826
529 530
638 637
623 624
615 616
759 760
695 696
603 604
81 80
84 85
599 600
515 516
916 915
448 449
899 900
608 607
147 146
110 109
522 523
591 592
526 527
640 641
831 832
559 558
755 754
642 643
296 295
102 101
596 597
223 222
539 538
208 209
821 822
971 972
309 310
689 690
674 675
234 233
742 743
298 297
494 493
32 33
359 358
132 131
28 27
490 489
292 293
388 389
2 1
114 115
498 499
718 717
550 549
726 727
15 16
18 19
881 880
672 671
6 5
522 521
390 391
120 121
859 858
434 435
630 631
681 682
866 867
35 36
704 703
580 581
206 205
428 429
122 121
733 732
50 49
928 929
196 197
222 221
242 243
655 654
330 331
780 779
970 971
303 302
940 939
413 414
964 963
890 891
375 374
330 329
442 441
733 734
355 354
86 85
459 460
170 171
505 504
811 810
37 38
168 169
660 659
450 451
537 538
743 744
23 22
568 569
576 577
977 976
148 147
596 595
775 774
545 544
368 369
272 271
946 947
543 542
662 663
181 182
383 384
685 684
418 417
336 335
440 439
787 788
561 562
311 312
56 57
12 11
636 635
632 631
221 220
912 913
702 701
344 345
185 184
454 455
658 659
192 191
306 305
60 59
26 27
550 551
966 965
256 257
907 908
677 676
844 845
506 507
108 107
512 513
915 914
776 777
560 559
661 660
101 100
323 324
712 711
295 294
472 471
651 652
954 955
622 621
895 896
475 474
405 404
174 173
960 959
521 520
914 913
933 932
761 762
363 362
340 339
768 767
811 812
537 536
809 808
250 251
757 756
406 407
397 398
378 377
549 548
599 598
39 40
259 260
353 352
646 645
351 350
691 690
722 721
920 921
387 388
348 347
899 898
803 802
865 864
689 688
17 18
279 280
421 422
237 238
229 228
572 571
29 30
181 180
252 251
210 209
61 60
883 884
594 593
946 945
737 736
606 607
919 918
413 412
620 621
517 518
200 201
793 794
390 389
979 978
243 244
843 842
323 322
816 815
937 938
153 154
301 302
495 496
190 191
341 342
791 790
576 575
161 162
116 115
924 923
393 392
415 416
629 630
705 704
315 314
632 633
486 485
179 180
128 127
345 346
369 370
676 675
202 201
367 368
773 772
213 214
462 463
163 164
461 460
178 179
188 187
623 622
155 156
883 882
860 859
934 933
924 925
805 804
37 36
593 592
503 504
499 500
526 525
74 75
975 974
119 118
125 126
325 326
869 868
833 832
4 3
645 644
285 284
136 137
769 770
195 196
437 438
900 901
263 264
534 535
952 953
732 731
111 110
402 401
43 42
237 236
324 325
462 461
403 404
255 254
893 892
283 284
423 422
375 376
950 951
942 943
138 137
341 340
236 235
563 564
395 396
590 591
740 741
106 105
497 498
23 24
218 217
444 445
809 810
182 183
789 790
374 373
764 763
298 299
384 385
134 135
742 741
206 207
820 821
769 768
335 334
840 839
309 308
70 71
307 306
556 555
408 409
834 833
285 286
980 979
412 411
510 509
767 766
669 668
312 313
380 379
820 819
570 571
327 328
535 536
747 748
402 403
339 338
241 240
518 519
224 223
266 267
680 679
333 332
149 150
665 666
888 889
332 331
793 792
807 808
926 927
706 705
505 506
159 158
263 262
573 574
259 258
852 853
453 452
79 80
973 972
112 111
948 949
819 818
839 838
291 292
824 823
430 429
586 585
616 617
908 909
357 358
58 59
555 554
776 775
300 301
274 275
598 597
509 508
265 264
161 160
873 874
725 726
774 773
145 144
785 786
625 624
708 709
501 502
588 587
683 682
735 734
902 903
814 813
143 144
847 846
149 148
477 476
313 314
130 131
268 269
261 262
653 654
304 305
97 98
699 698
160 159
685 686
478 479
61 62
227 226
848 847
225 226
442 443
88 89
405 406
694 695
812 813
957 958
600 601
570 569
464 463
215 216
785 784
186 187
175 176
446 447
25 24
482 483
440 441
5 4
464 465
517 516
584 583
479 480
492 491
927 928
533 532
247 246
278 279
270 271
691 692
246 245
794 795
806 807
103 104
648 649
273 274
850 851
127 126
54 53
835 834
877 878
32 31
738 739
906 905
76 75
953 954
713 714
350 349
30 31
552 553
897 896
26 25
70 69
826 827
351 352
511 512
541 540
801 800
385 386
420 419
287 288
488 489
216 217
453 454
432 433
6 7
868 867
647 648
213 212
447 448
864 863
414 415
495 494
700 699
950 949
871 872
194 193
377 376
202 203
778 777
651 650
190 189
656 655
105 104
204 203
716 715
444 443
894 893
143 142
367 366
709 710
308 307
618 617
546 547
804 803
212 211
711 710
656 657
118 117
435 436
248 249
646 647
707 708
215 214
139 138
566 565
524 525
539 540
926 925
856 857
81 82
343 344
488 487
56 55
876 875
850 849
510 511
455 456
371 372
88 87
19 20
65 66
102 103
90 89
729 728
724 725
439 438
64 65
46 47
610 611
165 166
931 930
747 746
799 798
124 125
886 887
507 508
333 334
613 612
167 166
198 199
382 381
93 94
608 609
816 817
193 192
802 801
739 740
712 713
53 52
553 554
737 738
582 581
400 401
283 282
348 349
275 276
177 178
579 580
667 666
474 473
14 13
260 261
530 531
380 381
589 590
527 528
361 362
694 693
573 572
20 21
965 964
188 189
44 45
254 253
938 939
134 133
231 232
917 916
849 848
715 714
754 753
520 519
877 876
469 468
91 90
140 139
436 437
123 122
582 583
107 106
378 379
417 416
347 346
966 967
155 154
763 762
501 500
476 475
657 658
872 873
58 57
706 707
337 336
698 697
844 843
273 272
64 63
372 373
9 10
16 17
585 584
95 94
764 765
889 890
34 33
408 407
845 846
411 410
95 96
673 674
609 610
595 594
184 183
766 765
48 47
885 886
836 837
729 730
978 977
366 365
606 605
175 174
703 702
718 719
249 250
604 605
678 677
789 788
140 141
969 970
956 957
172 173
482 481
911 912
470 471
92 93
688 687
423 424
870 869
752 751
722 723
357 356
523 524
969 968
204 205
318 319
515 514
568 567
244 245
130 129
427 428
484 483
750 751
470 469
968 967
943 944
783 782
642 641
625 626
280 281
481 480
602 603
353 354
458 459
108 109
41 42
673 672
546 545
434 433
735 736
935 936
84 83
840 841
662 661
46 45
68 69
836 835
678 679
153 152
920 919
615 614
792 791
875 874
728 727
21 22
955 956
841 842
76 77
787 786
91 92
566 567
817 818
686 687
286 287
895 894
639 640
398 399
28 29
602 601
99 98
541 542
724 723
942 941
897 898
901 902
269 270
397 396
35 34
194 195
828 829
371 370
588 589
293 294
171 172
163 162
229 230
906 907
468 467
326 327
881 882
664 663
364 365
692 693
644 643
276 277
124 123
186 185
394 393
68 67
652 653
613 614
486 487
265 266
697 696
975 976
855 856
63 62
720 719
247 248
799 800
680 681
83 82
315 316
317 318
219 218
321 320
360 361
258 257
117 116
961 960
400 399
716 717
72 71
755 756
227 228
962 963
165 164
432 431
587 586
628 627
12 13
49 48
52 51
929 930
670 669
278 277
556 557
649 650
450 449
99 100
781 782
918 917
612 611
760 761
514 513
628 629
197 198
289 288
112 113
749 748
457 458
806 805
419 418
316 317
133 132
256 255
814 815
781 780
79 78
529 528
910 911
356 355
451 452
575 574
11 10
771 770
484 485
383 382
857 858
831 830
477 478
557 558
128 129
548 547
753 752
73 72
337 338
343 342
329 328
560 561
745 746
170 169
425 424
620 619
87 86
239 238
731 730
9 8
951 952
141 142
851 852
156 157
684 683
838 837
158 157
940 941
219 220
668 667
282 281
884 885
78 77
200 199
503 502
910 909
665 664
638 639
473 472
937 936
634 633
73 74
211 210
945 944
578 577
96 97
578 579
136 135
177 176
932 931
445 446
151 150
959 958
923 922
905 904
425 426
14 15
303 304
860 861
151 152
2 3
