980
354252 306321 989298
917749 43127 139199
935051 302749 308302
682272 100414 929308
773782 726629 230036
403947 701317 49306
426067 369967 663027
40505 117672 136069
930688 674549 267926
825474 174116 290944
372957 528368 115764
880754 446116 158892
19952 899667 980141
846755 100437 599054
776062 874219 844182
6097 278166 545499
573904 704233 433965
755430 263237 551638
891499 193924 744686
677924 537898 918802
487367 429354 447169
603132 310108 411785
762024 848560 829951
260663 695314 930388
859717 471375 804607
703898 995973 601272
767896 569876 824004
201861 843805 87240
271998 735303 799664
16683 931727 337561
453984 419093 766916
901153 22224 77023
831437 302747 925583
661387 563410 620897
591775 941626 610771
914881 645524 125242
516152 931919 213617
340155 652279 57421
945895 442776 311224
745558 459459 242950
83119 913443 662043
368534 333095 684268
445557 683031 987015
889639 344418 550425
29034 454692 10549
158305 369572 656073
283547 404223 106491
15664 262877 758770
73085 208771 201546
384309 472828 179504
627259 74446 611447
289302 442980 463041
973570 407036 146071
479083 815175 490489
548007 844209 463680
558557 2513 351751
733129 804561 755974
839620 820225 537350
116889 411809 264620
836935 796119 255948
16438 941877 330394
146384 231178 291874
609425 723247 698910
755497 720830 514084
764485 268836 876793
228165 827393 397805
98415 79021 202365
372889 437140 541089
910239 554029 952899
693359 909463 749017
949307 444401 209392
279700 590785 959071
571574 718710 682317
788984 992706 921646
821567 757190 190482
698359 503854 536374
96164 120769 133894
817029 493658 571035
358118 403896 643563
311016 97254 553026
578532 565060 997427
787924 844761 106710
746994 934834 825420
947811 242316 818125
869456 63883 93814
578437 280741 116167
633311 895405 236936
767205 230933 730594
338239 589051 652990
500302 418566 268743
53327 997098 833804
569253 303520 197063
675963 569014 650396
19882 35323 892713
356506 423278 475095
968820 1715 274335
603487 635026 688240
840423 920730 919173
89516 258969 508223
261005 759271 445288
529748 331097 960885
882051 900350 264404
79113 94811 351917
729510 633193 387240
140721 508199 810519
615816 477018 812234
890151 80504 965759
578390 439427 886488
16061 47442 663956
42783 308447 941726
488071 356694 791322
448955 238745 210170
231859 836358 304982
583776 84366 456674
971017 225087 964873
300034 359402 441891
630767 768053 40894
596525 346442 998821
1511 881004 46262
183967 923787 354709
644192 411858 229903
435514 860813 468648
645684 611171 823505
469165 194947 907872
925840 684463 651458
409211 984497 10860
851102 615263 778913
410496 730287 643854
409316 250297 524857
974079 952764 967144
328787 596956 379001
77189 32469 758313
545837 196652 369484
887842 665818 82930
314212 110156 285892
965670 519367 270388
495029 888969 404150
792441 817964 652936
954795 227279 421732
998151 201357 374496
965294 48644 971452
344294 125833 522420
621107 190170 719072
509090 596511 903389
592020 910723 532044
877912 394891 569911
666799 889921 458879
589448 200860 276842
242383 155654 22620
664115 153805 742478
557110 119098 309621
528561 981893 953954
569480 121498 662623
807052 630588 259133
710440 741107 688355
760984 619018 83246
330894 804316 973167
308272 393763 174026
585114 154645 848181
126233 337259 1985
387210 894370 639583
696831 941430 139974
169284 510910 261472
831907 836461 410559
609540 546900 151665
297894 826383 289182
381140 157276 93497
872806 465548 5759
46832 569161 678904
413512 695395 16163
933997 601104 429032
573579 297935 888961
232053 985719 918370
12024 817625 754830
422584 945664 820230
574249 243558 646612
381931 624698 322388
475428 16003 787936
481188 581335 875597
678591 994847 570991
213253 928843 690594
642285 20920 988529
49745 252973 974247
968115 783498 310371
241444 724581 256034
61673 817329 499592
226784 199259 642790
549172 674688 658793
337108 674375 240127
212704 352965 753473
302194 566219 682315
992788 727003 703235
499816 295247 474708
992562 781862 258205
821432 23305 982786
77466 603478 800114
95557 830262 999374
256846 379434 192560
434138 235041 866935
192764 966245 738399
946237 786938 823117
628551 298224 68619
850286 316539 363866
324993 309101 145727
583198 649032 687532
84482 726498 291009
403095 340555 121271
402468 115900 19204
113527 68538 254245
980462 261302 738989
237360 207539 525926
578976 354589 342649
647595 204874 659189
529961 48366 486789
675688 631564 135820
881720 234545 380818
172728 637641 239872
812499 558608 355772
831703 672136 424310
604447 171096 204112
861935 926956 930151
906360 505932 284739
249009 153526 8113
908198 683487 56479
913486 877675 206543
49305 759394 441088
430123 450621 597228
669995 263120 674336
544267 94822 346471
487076 217769 36066
691188 79703 963023
621338 986064 468954
424577 753572 140979
432690 180268 824467
489169 93753 220640
214211 661558 980034
173799 91681 430654
771027 280175 212273
445362 342941 825596
310332 830018 43364
864899 521205 641567
827921 142543 146129
815374 85619 899701
956353 518309 598468
299318 525977 692221
519958 740189 353779
18490 913988 963960
967645 203513 244134
698417 167375 587076
524012 477707 935593
85875 342605 456797
245942 689025 117839
392071 504398 203458
810272 979251 240266
408739 797068 766244
619460 835526 24931
973239 854016 457418
455697 340159 179430
218330 38576 346805
323905 81087 343012
259497 166963 685617
716295 931405 893142
352633 323475 916039
74591 652246 895289
314857 60985 692357
599600 680445 527882
143030 172182 900397
600448 627879 759056
779879 846209 316131
645183 170114 397218
988195 429611 82680
192311 664405 14084
85452 17038 856060
1490 610129 508305
415279 924986 569290
626135 43085 768234
672516 186115 940416
572912 305063 568294
850467 603441 933003
166597 767123 103116
82315 755318 532727
683495 947629 715632
216079 551580 251169
72138 553070 861298
580443 486848 304782
668233 112982 347867
436466 785498 52482
895382 876910 876045
982175 727376 997985
915177 412473 765107
18292 494788 520424
69519 696782 986552
303650 912861 538131
554819 984999 609701
416116 83941 96548
720898 752174 728031
587265 707139 513528
158246 121019 390437
34290 103194 636313
550774 18370 48785
315880 555163 62072
354804 143181 758854
341355 446831 671715
397986 1649 656713
7686 936265 259153
622734 175661 11326
350764 281425 236965
382792 439671 357984
291728 473961 979678
928041 24734 998049
976826 859115 71710
557397 213918 214891
316251 73772 180221
987966 471758 700370
163177 997944 636634
940831 620678 812295
470656 489941 612220
707621 872733 51890
584105 682961 44351
563782 611001 587585
80329 106326 446699
152039 663723 179116
885430 979974 252889
65650 486438 243146
766020 168115 241090
921153 108945 380267
251947 579601 388707
864167 805722 779940
916057 389826 462900
478907 472107 73900
66492 552437 698726
31690 222975 362449
210807 626905 860922
982196 211054 347360
225341 495574 33974
984931 416726 142919
365197 187172 241019
272404 51338 46740
52343 485895 955066
515243 964802 427173
107642 31293 498109
806369 62984 721084
687317 273791 866488
548238 774486 77542
895598 999827 573116
929572 984758 508341
590990 868454 695514
832010 140857 746852
397249 711700 232746
352315 226942 716048
779488 853085 747341
277596 177952 328824
517179 865269 121114
383667 413506 895600
979709 827604 895427
552824 275674 398683
61164 866665 267136
756678 217173 926494
22029 614422 638193
773275 485236 383635
489322 264723 236719
755163 60818 933171
83986 96497 798439
205101 480164 730444
619200 978372 558047
514626 531195 833722
913309 110858 218885
698945 386036 954558
625438 408065 87478
263630 699839 572715
647265 189161 355937
402483 944324 416756
335653 546809 513253
652591 270409 511916
383035 889610 490287
459581 404235 539981
811802 836044 169338
30686 53487 555374
503743 678925 481938
591222 461054 181777
163936 108319 370938
38372 510802 833761
455128 364955 899069
486880 17545 169478
517295 919080 59087
526081 378661 981822
584561 190462 336364
753900 739649 389851
309273 761891 587275
791212 353112 48329
491488 35547 156648
380925 73920 185949
214685 47547 69403
632253 52927 86949
801731 88721 524528
860818 133302 903189
361139 717863 612151
697503 990262 870299
605854 299535 632189
193128 609246 985302
241457 619233 539348
916605 157 131767
102554 733342 697815
171957 365594 750742
777406 167325 357962
301934 546642 491264
205122 907781 209127
335772 123783 199388
206070 729637 17422
838260 441264 145167
342060 682722 764400
399907 599326 764557
531675 220379 497898
229489 392337 381992
498730 688242 549317
856692 990176 614458
347956 713798 40738
75582 49569 164521
793470 255640 412657
329392 612399 372420
993059 472958 55141
757459 872865 172967
40514 404539 393346
56912 152527 304182
438904 169756 992425
506720 26448 982600
121177 892904 214896
161915 486985 264466
844936 798954 38605
776092 646845 169503
148512 639904 642461
722153 915862 515325
895120 956376 438364
806966 531787 109390
111147 489190 279147
622071 995910 305595
123170 635587 716998
338066 316001 722482
121031 679437 521435
678136 974028 168280
847639 641039 808184
8598 363192 724045
523924 776811 198919
480787 102275 249206
590177 213423 738396
869324 835494 252805
693418 477163 406891
410415 815230 722892
132896 936261 920828
172831 614397 894856
341111 980535 535894
667794 989134 417585
910338 31556 712896
627756 512343 815171
876962 621019 547093
133857 490343 901087
905162 183760 378249
830552 112675 193478
71942 764071 648239
992771 936902 781135
406125 796512 761669
460518 464305 269301
878104 893142 300857
109498 520898 813200
443168 916359 434219
990262 568715 443061
409847 992376 145320
788096 822927 257995
500074 894870 540566
148312 406139 477467
447946 812264 273979
209614 272781 256783
478916 669384 668425
298272 297381 707822
629972 740550 624180
64190 249310 711395
25750 659157 222269
171070 447252 563696
947566 465825 458565
488131 132636 383203
965598 580582 713966
758076 308696 505246
533359 306111 693130
201783 604383 990511
909605 234354 731060
52283 817044 498869
282177 842794 158025
504447 532364 123777
68142 479929 589602
45206 968060 240738
946909 452156 821320
660874 728732 130015
166119 262090 954626
859249 982373 559009
368259 410476 793363
617818 981259 610407
116687 263436 971700
274712 286382 504063
916989 873024 983992
506591 436729 470550
747329 902137 922707
87147 563010 169937
735663 247628 432027
690288 625377 932899
249296 512135 343374
561159 129952 324632
690065 765139 106567
180263 39851 911449
684327 475339 302971
186817 981930 258199
175867 247757 160335
617073 853405 241844
787010 589067 7972
219036 797854 151848
670434 565650 663983
13807 126808 312434
856939 335372 77573
482006 515635 635924
911954 718461 111262
733425 905279 611692
991624 81145 377948
670459 698218 231352
430802 3726 338918
957274 741262 136772
109121 411695 702422
291603 425502 347729
122537 800940 683101
200110 801445 717235
354533 713399 435696
984295 446823 859474
595986 956946 940619
973935 145903 157335
723786 576706 679561
62704 533979 420822
717976 161600 832517
420397 971703 776518
286625 94239 577457
488225 294349 897402
205459 167381 610800
159654 151676 576122
19127 747662 533067
478245 240095 678971
635580 482381 774176
833640 545085 826654
254461 263060 988254
86977 201956 959957
863495 488581 572695
959452 495305 867045
375352 700764 34425
986152 860419 704601
80772 879546 452263
613839 357791 210857
811309 511870 693238
103983 345510 756822
930638 118470 19881
437390 205448 740337
915846 587442 747417
488541 65392 242721
874085 440744 943486
427009 945395 322403
131610 26166 720448
102372 158505 78238
313229 488313 108608
524967 592297 972618
281788 522934 91087
820170 478823 815035
560506 394669 402477
307923 401709 986369
550644 275793 427113
12628 702802 891007
335031 834412 917174
55479 455283 594178
652217 768513 82490
279324 293479 674787
251941 93766 716220
861529 913936 195043
676563 474442 108211
597539 300864 509920
583908 370007 304212
529520 382636 7013
420526 236166 359925
856199 810145 815208
450376 462362 102219
532867 260185 914198
726153 512127 7964
442373 892155 921900
155915 568717 914841
264126 166256 734204
292545 268663 104211
596757 798183 486847
603770 737208 723013
482194 593407 51657
815902 562282 514019
918121 613648 774204
350818 339801 804830
358782 300673 696984
799181 456588 784201
714022 720714 950457
448225 13258 219119
70935 610015 535801
76281 732284 273008
799295 732978 384914
369451 548879 947197
883470 985499 79343
176172 336316 419144
499502 695098 719817
196485 12778 176404
980686 726800 415617
449641 693524 947375
187259 282959 557389
723060 359240 808173
996069 677034 541150
899482 46484 608528
365177 929954 594026
444521 624626 930343
382164 124127 143939
101981 839112 156717
796885 819798 402016
731002 787938 614040
678376 975198 896999
754265 698257 774738
562437 212824 451772
622086 112306 498256
230613 477483 946710
824639 440503 571335
273480 822668 213961
417420 443148 53072
92636 758532 391369
13152 489533 179307
145691 167909 673004
42689 440673 889760
335926 3109 621084
787698 143694 733390
285954 374307 729372
751163 717445 169875
840997 990926 511042
54957 926845 954190
108029 537980 712721
17898 551132 202254
715705 215322 888663
388708 258011 329335
796967 112437 850944
418050 900135 513137
669939 704588 405943
399311 455750 123387
87685 296746 632812
117226 870203 78155
71415 978233 616136
302635 514630 685767
23388 230334 901090
430550 137541 677600
278384 934508 790037
647827 352558 208671
160963 22496 913259
566906 940307 369009
690294 27991 184254
841605 663717 54457
919761 735132 551189
535896 37767 65818
740162 579655 296152
641251 10205 433693
837351 288589 368200
145886 936417 239257
354557 97379 261754
267816 664286 202060
155324 873079 748552
339578 714683 412268
394035 634443 665900
463723 688838 222166
529541 947500 801821
344192 107249 812026
296384 944600 100615
183084 90486 555531
422341 963543 652910
684095 231358 835695
404655 386682 227272
671706 244760 460455
83973 157294 613397
749873 621018 820735
490538 669058 768234
292359 13250 875483
622884 309634 820083
241998 11217 429068
797529 433559 392610
968939 636153 142468
323132 559307 47649
550405 231012 292409
10859 314986 968204
142755 583358 589221
963490 73896 776778
731723 884755 790028
607206 507638 618162
945788 749637 629379
893355 65664 581437
804464 34602 217590
946932 357735 776897
513081 908140 7909
805490 437498 841395
292192 580253 943252
399912 543743 535647
176690 793965 420401
485217 401170 446539
621878 865457 196175
251257 758811 261839
832694 563275 296442
568783 510206 172676
864180 23286 599315
872089 347276 36812
231982 639468 135564
175233 557880 197806
710881 734570 991772
649781 219786 911441
96319 841665 776898
810994 611421 535708
72833 962614 98982
887775 531397 127688
60450 395576 669474
178264 786164 535249
215076 536645 693217
869140 711878 251096
66946 941258 985666
577217 591039 723951
7156 205857 84114
784054 16851 214034
838262 608184 176648
937244 495958 226544
583431 74907 140619
771405 253171 445282
306653 986747 981927
999870 374385 212303
769465 959831 153561
755130 537047 263099
997581 544204 987456
600194 846757 4306
814229 685018 612490
509376 622262 626947
254419 724192 220353
913538 495596 992024
358819 320749 497269
859245 320618 871655
71547 90083 831485
743608 363712 887032
525206 879792 431235
512662 998486 277991
35467 812714 481509
647958 840589 622270
793404 613507 346461
13757 527044 360557
524280 404362 681306
21549 263606 520423
893204 853653 610506
243187 115760 492718
130218 159465 372509
79952 190626 889494
876444 226094 702207
357952 874052 61294
980222 185954 674801
326682 718211 720344
205738 242491 124705
887044 264040 906811
407467 675743 278963
536472 437429 913223
29189 567648 72687
920199 647600 263314
809692 524043 489408
30398 881995 881959
610192 380715 67912
284993 225897 304623
5336 431635 547114
648542 318679 329653
555352 244645 523895
352814 781117 961324
266036 328806 528971
857224 249004 695071
120537 577195 737613
128444 126092 138107
10402 736285 518822
596814 21277 744719
419936 545113 694854
967050 712154 532032
815202 786006 776677
339096 138819 557793
818920 923356 405098
866390 780579 654102
79959 419615 749797
817573 548059 875889
955680 76960 130672
993001 192273 151949
256219 612210 215562
951073 97758 927716
483104 431460 713721
778280 770556 371040
336072 107974 294395
741171 974365 593473
913772 572823 13087
182067 390395 561146
576456 864574 156605
707128 376074 348878
377577 632293 479587
593139 101864 577346
39353 103467 8805
271574 881747 297860
161113 736318 924335
455508 995988 417198
567480 909760 990021
580567 610326 380416
660212 186781 763489
816817 893910 139562
684194 271486 771855
163781 383124 392218
259626 940977 495685
786931 731050 377431
603290 892163 113749
527624 866170 109736
944822 433649 537995
453342 14215 666821
833758 674427 853602
115745 9742 266010
255308 693937 55995
545662 376217 957619
937881 635843 898596
952065 941273 629645
329496 544562 40307
961745 590686 906477
589980 54006 340126
646475 507348 354341
313295 859605 547268
166896 975351 557010
951407 230658 769446
7401 776320 145662
965021 232699 300004
382115 184764 241276
530259 32759 304338
570566 513003 895024
477043 102982 949030
817169 267956 974878
690009 581251 834482
755776 266647 328331
831286 218053 558989
600731 743954 853809
746394 708974 605007
46397 609588 789771
806174 139847 341029
110511 710413 854032
524034 705955 475514
991563 41622 743470
966440 731632 324721
319421 5906 109867
647752 837192 846420
725241 437923 590373
579049 184316 817847
184055 749213 427434
492326 555386 85780
833355 184396 314693
687387 708430 20647
162900 699993 62270
424869 666432 312401
749590 504352 318307
377956 152104 155499
742875 877345 593422
333248 974893 296237
669594 158947 563949
615527 169772 637835
701308 3127 822231
16000 209013 49160
555147 890413 749153
617417 315281 934084
929818 583371 438436
766625 961327 590540
922124 704202 986384
34044 555949 961276
848781 744042 638722
931229 359568 808495
569063 579375 330121
909794 113874 57633
958954 669022 948046
226605 804938 263326
160688 253255 365196
599124 19879 326523
708163 460502 549224
213045 13045 623672
174320 861826 886213
331542 793054 245780
658536 880617 343655
988657 790410 976029
46289 267862 645050
512834 494467 968488
294659 655155 221742
659856 772779 760121
504878 999441 220622
54101 212486 233667
196272 905306 613992
82484 236847 407045
846764 895383 806161
708918 402538 596570
684947 967327 864432
848496 998660 877398
816983 293319 532553
557224 953175 823831
317344 458052 823271
537966 30652 35756
290132 745424 459562
904124 827908 214908
829669 193170 628791
635829 902089 31328
750899 587035 517155
133829 954030 515814
11227 771013 327632
62279 328236 280806
886110 645581 738858
709380 702046 288009
263636 510678 33432
241697 414801 379839
456605 762969 573010
85395 917298 993598
635224 186695 99131
670878 320524 53160
705191 850251 824173
32823 912530 670909
313629 317138 834989
570987 545018 55533
858996 808654 566211
410928 568850 499512
790767 25454 262480
882276 629350 698277
875873 264573 884972
975004 935451 723996
546664 159140 92745
370836 191963 523775
560244 505593 840913
913732 595079 385930
969266 972574 713083
535476 383501 281932
553487 692768 307387
334467 575043 936737
32743 450916 719809
436215 944419 173758
160210 491082 332898
771455 380418 43361
295229 459161 67453
136142 372893 662532
40571 342158 153604
753655 396133 537106
554086 949621 229873
379972 284087 323415
835208 835330 292830
555016 271544 755749
247273 950254 246830
98671 721709 145747
142032 535437 604909
209485 671579 496301
390516 230650 838459
544120 502804 753091
81225 56889 221210
829598 436862 23796
671513 272069 859127
964343 345585 649170
720091 111357 599424
485421 210028 839632
631168 352060 375068
754576 80044 565147
250876 470560 795797
607834 14680 298600
360925 614405 873989
100634 962503 310850
124431 634015 101419
502057 598357 965504
151226 836948 76860
269149 322368 805389
627280 472035 675948
520848 745111 755993
85994 995987 226552
400290 603821 759732
217389 483245 374137
91377 102378 336639
920728 226809 970654
540646 247365 87509
24648 917092 924457
101508 704740 765324
425396 332020 755859
388 389
361 360
169 168
220 221
43 44
811 812
801 802
570 569
799 800
776 777
540 539
636 637
176 177
346 345
449 450
296 297
721 722
362 363
376 377
233 234
442 443
889 888
875 876
633 634
835 836
760 761
900 899
507 506
576 575
464 463
875 874
744 743
627 628
316 315
365 364
727 728
116 115
304 303
494 495
478 477
863 864
650 649
967 966
223 224
21 20
166 165
784 785
568 567
939 938
246 247
349 348
581 580
571 570
798 797
773 772
873 872
105 106
238 239
369 370
301 300
130 129
183 184
413 414
786 785
187 186
715 714
684 685
713 714
330 329
545 546
964 963
815 814
254 253
586 587
175 174
828 829
832 831
405 404
575 574
408 409
492 491
619 618
737 736
851 850
841 842
112 113
49 50
907 908
80 81
970 969
264 263
397 398
404 403
781 780
599 598
771 772
905 904
337 336
528 529
844 845
292 291
739 738
289 288
700 699
199 198
816 817
680 679
197 198
592 591
476 475
774 775
297 298
231 232
554 553
498 497
275 276
972 971
918 919
676 675
117 116
468 467
652 653
312 311
323 324
181 182
218 217
372 373
410 409
753 754
316 317
307 306
667 668
89 88
144 145
675 674
891 892
913 914
884 885
237 238
252 251
15 14
172 173
235 234
327 326
6 5
794 793
341 342
3 4
278 277
266 265
411 410
492 493
90 89
615 614
945 946
657 656
536 537
610 611
555 556
313 314
741 742
705 704
392 393
871 870
867 866
452 451
32 31
555 554
683 684
172 171
353 354
799 798
612 611
94 95
827 826
480 481
523 522
751 750
450 451
274 275
147 148
2 1
919 920
494 493
745 746
883 884
690 689
120 121
706 707
784 783
265 264
881 882
386 385
374 373
138 137
34 35
877 876
44 45
455 456
454 453
384 383
15 16
333 334
276 277
608 609
114 113
487 488
649 648
688 689
751 752
932 931
350 351
816 815
880 879
808 809
466 467
453 452
43 42
468 469
429 428
680 681
590 589
91 90
397 396
457 456
804 805
975 976
177 178
842 843
435 436
938 937
782 781
678 679
915 914
335 334
102 101
630 629
165 164
444 445
674 673
928 927
434 435
377 378
465 464
407 406
655 656
942 941
248 247
283 282
487 486
193 194
886 885
502 501
825 826
525 524
424 425
249 250
155 154
280 281
242 241
790 789
14 13
519 520
542 541
382 383
478 479
964 965
126 125
269 268
552 551
622 621
583 582
541 540
960 959
958 959
366 367
732 731
341 340
865 864
613 614
361 362
880 881
352 351
356 355
141 142
66 67
823 822
838 839
179 178
205 204
897 896
778 779
422 423
330 331
921 922
567 566
606 607
213 214
29 30
720 719
176 175
561 560
202 203
58 59
786 787
925 926
906 905
40 39
645 644
205 206
376 375
338 339
76 77
895 894
485 484
121 122
293 292
204 203
36 35
903 902
716 717
248 249
709 708
463 462
717 718
228 227
929 930
335 336
810 811
152 153
208 209
708 707
188 189
782 783
546 547
911 912
359 358
313 312
356 357
159 160
580 579
387 386
17 18
763 764
691 692
64 65
63 64
100 101
958 957
565 564
162 161
69 68
352 353
853 854
104 105
581 582
84 85
584 585
626 625
148 149
956 955
348 347
514 513
725 724
461 460
818 817
128 127
60 61
960 961
259 258
743 742
483 484
849 848
332 331
285 286
51 50
347 346
552 553
804 803
843 844
961 962
119 120
720 721
302 303
88 87
359 360
21 22
42 41
225 224
306 305
197 196
523 524
279 280
96 97
730 729
425 426
972 973
324 325
421 422
370 371
309 310
340 339
374 375
141 140
969 968
626 627
809 810
479 480
72 71
65 66
131 130
909 908
916 917
124 123
79 78
646 645
48 47
140 139
534 535
562 563
202 201
63 62
200 201
28 27
395 396
159 158
952 951
510 511
858 859
134 135
191 192
489 490
459 458
706 705
856 855
878 879
624 623
531 530
659 658
289 290
550 549
138 139
662 661
420 421
180 179
578 579
279 278
514 515
830 831
662 663
644 643
595 594
762 761
603 602
595 596
735 734
733 732
933 934
99 98
545 544
349 350
787 788
58 57
544 543
474 473
173 174
207 208
639 640
86 85
506 505
923 922
118 117
157 156
230 231
878 877
45 46
716 715
77 78
747 748
207 206
367 368
321 320
892 893
903 904
270 269
851 852
62 61
427 428
585 586
274 273
532 531
953 954
49 48
445 446
307 308
502 503
795 796
465 466
537 538
84 83
430 429
509 508
476 477
979 980
800 801
749 748
59 60
701 700
765 766
28 29
954 955
266 267
604 605
128 129
136 137
686 685
470 471
718 719
671 670
369 368
660 659
354 355
616 615
518 519
561 562
255 254
488 489
845 846
872 871
446 447
863 862
710 711
869 870
430 431
412 413
162 163
108 107
664 665
20 19
147 146
814 813
244 243
632 633
944 943
220 219
82 83
624 625
855 854
153 154
513 512
398 399
233 232
516 515
95 96
419 418
847 846
496 495
146 145
98 97
888 887
308 309
328 329
171 170
189 190
293 294
110 111
701 702
592 593
802 803
56 55
143 142
134 133
568 569
505 504
947 948
894 893
672 673
832 833
195 196
250 251
642 641
53 52
833 834
865 866
486 485
311 310
898 897
481 482
483 482
630 631
500 499
606 605
186 185
723 722
793 792
333 332
655 654
272 271
667 666
161 160
910 911
759 758
37 36
448 449
438 439
808 807
528 527
443 444
256 257
767 766
745 744
212 211
407 408
756 755
122 123
979 978
143 144
125 124
400 401
287 286
390 391
621 620
267 268
382 381
365 366
318 317
587 588
470 469
471 472
221 222
632 631
149 150
687 686
573 574
415 416
23 22
533 532
103 102
520 521
47 46
217 216
41 40
968 967
282 281
132 133
164 163
648 647
728 729
607 608
92 91
697 698
768 769
454 455
646 647
381 380
420 419
447 448
682 683
886 887
603 604
740 741
328 327
850 849
338 337
691 690
760 759
898 899
230 229
975 974
622 623
391 392
74 75
305 304
291 290
200 199
613 612
533 534
856 857
108 109
497 496
557 556
882 883
434 433
526 527
583 584
736 735
74 73
976 977
326 325
598 597
236 235
243 242
635 634
509 510
393 394
431 432
950 949
944 945
678 677
240 241
791 790
86 87
209 210
150 151
211 210
226 227
498 499
30 31
474 475
363 364
156 155
111 112
525 526
956 957
322 323
547 548
953 952
415 414
819 818
490 491
321 322
657 658
913 912
402 401
873 874
343 342
440 441
344 343
416 417
57 56
823 824
12 11
643 642
53 54
10 9
185 184
829 830
753 752
971 970
669 668
629 628
940 941
978 977
8 7
819 820
670 669
779 780
270 271
228 229
693 692
696 697
739 740
191 190
895 896
773 774
237 236
181 180
906 907
439 440
27 26
654 653
298 299
387 388
771 770
848 847
69 70
571 572
71 70
216 215
302 301
702 703
460 459
262 261
949 948
746 747
110 109
4 5
712 713
26 25
867 868
652 651
194 195
902 901
257 258
836 837
835 834
320 319
80 79
727 726
788 789
412 411
389 390
638 639
549 548
661 660
770 769
508 507
152 151
937 936
778 777
665 666
589 588
550 551
672 671
94 93
24 25
462 461
861 860
695 694
135 136
239 240
859 860
521 522
300 299
518 517
827 828
426 427
255 256
942 943
931 930
687 688
100 99
107 106
246 245
962 963
260 259
402 403
212 213
503 504
763 762
807 806
9 8
3 2
558 557
676 677
609 610
188 187
921 920
395 394
703 704
934 935
577 576
933 932
900 901
169 170
698 699
261 260
926 927
558 559
891 890
406 405
52 51
294 295
168 167
693 694
214 215
946 947
563 564
837 838
757 758
472 473
724 723
33 32
974 973
637 638
92 93
869 868
939 940
285 284
23 24
379 380
858 857
640 641
918 917
287 288
81 82
618 617
825 824
167 166
650 651
182 183
577 578
115 114
635 636
682 681
438 437
711 712
501 500
594 593
38 37
542 543
219 218
775 776
358 357
344 345
853 852
765 764
617 616
797 796
68 67
619 620
929 928
820 821
600 601
400 399
805 806
157 158
725 726
755 754
7 6
535 536
433 432
16 17
132 131
573 572
13 12
126 127
601 602
226 225
812 813
34 33
517 516
273 272
263 262
965 966
590 591
839 840
457 458
284 283
372 371
55 54
253 252
442 441
750 749
19 18
565 566
75 76
118 119
244 245
73 72
731 730
539 538
296 295
193 192
10 11
794 795
924 923
757 756
663 664
314 315
936 935
734 733
418 417
423 424
710 709
841 840
737 738
916 915
512 511
909 910
792 791
384 385
379 378
695 696
924 925
890 889
38 39
767 768
530 529
559 560
104 103
596 597
600 599
318 319
436 437
950 951
862 861
223 222
822 821
